Mixture	B cells naive	B cells memory	Plasma cells	T cells CD8	T cells CD4 naive	T cells CD4 memory resting	T cells CD4 memory activated	T cells follicular helper	T cells regulatory (Tregs)	T cells gamma delta	NK cells resting	NK cells activated	Monocytes	Macrophages M0	Macrophages M1	Macrophages M2	Dendritic cells resting	Dendritic cells activated	Mast cells resting	Mast cells activated	Eosinophils	Neutrophils	P-value	Correlation	RMSE
GSM437231	0	0.0432054135936336	0.0789734187298536	0.109827767985584	0	0.089417500032627	0	0.0479765427180242	0.0304046859271524	0	0.0348321394307292	0	0	0.198834103283967	0.122513616415576	0.110765239393542	0.00735591899803974	0.00876704808392005	0	0.0952220380865788	0	0.0219045673207722	0.18	0.104606279567912	1.04969129161554
GSM437232	0	0.0672419385757304	0.135384964248125	0.084217485672748	0.0604540585225805	0.0600891413950772	0	0.00480369395708666	0.0378862644413782	0	0.062162488480121	0	0	0.0981797672574527	0.0331448474106567	0.0835275274312651	0.0521548408169011	0.0406557512612507	0	0.180097230529626	0	0	0.44	0.0428336753278364	1.07360690295689
GSM437233	0.0421903437617732	0	0.172847737877942	0.192803792325797	0	0.0187432725059999	0	0.0633685261008091	0.040654325451701	0	0.0342139430511906	0	0	0.0629310802887019	0.0430409405632469	0.171321095844377	0.0532714038938375	0.00198745559909036	0	0.0923825815113136	0.000307853362178535	0.00993564786204103	0	0.385202407988126	0.923689157728002
GSM437234	0	0.0382720509088679	0.027725372649123	0.0399872278723709	0	0.0331906121738886	0	0.0170136719864829	0.00323110460741921	0	0.00830042788871556	0	0	0.418350345603016	0.0183980825109572	0.137584180791228	0.0231143889030133	0	0	0.201617090772221	0	0.0332154433326962	0	0.548945382536634	0.8357860304122
GSM437235	0.0472934174830535	0	0.102442800360297	0.0729079195579873	0	0.129271511526299	0.0139068179675667	0.0476679741402522	0	0	0.0391988611925605	0	0	0.0867645643149705	0.079718859665461	0.129266268441676	0.0284807301869758	0.0266549956885	0	0.164713974043054	0	0.0317113054313469	0.01	0.320493460653992	0.952082412662199
GSM437236	0	0.129865538888595	0.0903786147076748	0.0431219063198435	0	0	0	0.0551695936718486	0.0527251992683657	0.0291523704419509	0.0209058148133334	0.0467022855028006	0	0.182614490002592	0.0805850821447172	0.129723858980583	0.0417228775369726	0.0149667339643875	0	0.0823656337563355	0	0	0.02	0.259491102919335	0.981116442093397
GSM437237	0	0.0549803684828705	0.100494052230638	0.0557755541728537	0	0	0.0997810453474117	0.0613116815671654	0.0686134378935259	0	0.155800811303299	0	0	0.000564088312801984	0.0661610817045016	0.0888742592203804	0.04920052122655	0.0161778416904888	0	0.152990493747792	0	0.0292747630997204	0.0600000000000001	0.167636844208227	1.0204346916979
GSM437238	0	0.085019250335659	0.067418765245401	0.105505193773239	0	0.0379657688067836	0	0.100592991743057	0.0547463047404618	0.04674136755919	0	0.0193757972657087	0.00401306405614121	0.0265310962470101	0.130324800587204	0.164714108054867	0.052467542389536	0	0	0.103219179300803	0	0.00136476989493866	0.01	0.310066212816337	0.957707291109086
GSM437239	0	0.029151800163878	0.0451748779095093	0.0317733817378415	0.00799133338835391	0.100070434163199	0.000120590472925173	0.0212943878164102	0	0	0.0418030088454032	0	0	0.141563599405425	0.0210646505994838	0.0559343517757411	0.046501728142409	0.036455201191132	0	0.31665889601934	0.0198219092090219	0.084619849159928	0.02	0.279770569962365	0.985582357223511
GSM437240	0.0950190994116169	0	0.127024942179878	0.0883159157719833	0	0.0318588987207832	0.0980690884610952	0.0410525772264633	0.0535307140609055	0	0.119214215802877	0	0.0110548096511084	0.0756247162138161	0.0374977507406446	0.0147091663594029	0.0421298122436474	0	0.0379960103154258	0.126902282840352	0	0	0	0.341107829164727	0.944742575899703
GSM437241	0	0.0772377208765448	0.108344814877826	0.135039474059309	0	0	0.137776595570936	0.0706672083176248	0	0.00514525775492153	0.0507765916539844	0	0.0323344475136927	0.0700874785106474	0.0638795659892818	0.152391038460667	0.0309825636666303	0	0	0.0653372427479336	0	0	0.01	0.318600585794158	0.950589319497064
GSM437242	0	0.0206644726304523	0.0363135430858564	0.0873783366756247	0	0.120078461432702	0	0.0556864598502882	0.0757963554514597	0	0	0.0655763325518302	0	0.173309120932215	0.0332025566096091	0.118172080027374	0.055200173982066	0.0189686650565614	0	0.106667452146672	0	0.0329859895672895	0.03	0.198066167314272	1.00671863711941
GSM437243	0	0.0624891648361487	0.035442885281425	0.0212810339873406	0	0.0286060507240599	0	0.0487858762855338	0.0346430847364298	0.0087400835796867	0.0536558254316254	0	0	0.333554622549754	0.0318901945688952	0.177385885990735	0.0106476324117318	0	0	0.0915389102007939	0	0.0613387494158395	0	0.429375544578205	0.904162033326956
GSM437244	0.0711059411240086	0	0.00963699911182886	0.152697127478796	0	0	0.018540418459362	0.0869777897050372	0.0710334147554462	0	0.0482047418521808	0	0	0.120873239648106	0.0349903741177306	0.108453043116769	0.019492688991496	0.0527226482551265	0	0.192650663935828	0	0.0126209094482832	0.12	0.132095860607696	1.03703463553722
GSM437245	0	0.0265516109332477	0.0860010747076175	0.0970441620605478	0.00268254911699819	0	0	0.0677893510644822	0	0	0.0325285556651934	0	0	0.187777452214304	0.057510347756836	0.084815182204352	0.0576012864141358	0.00862697642037745	0	0.219225819496365	0	0.071845631945543	0.02	0.281288191419031	0.975810164770846
GSM437246	0.0246578313348544	0	0.173202209434375	0.0894761731260696	0.0430839701685012	0	0.0367746145955303	0.123391402685967	0.0694707276905642	0	0.0626893331743325	0	0.00573182740643466	0.0521631885547257	0.144104569101959	0.0477046712891603	0.0528430729955547	0	0	0.074706408441973	0	0	0.01	0.296979455658789	0.969769175822912
GSM437247	0	0.039735830969482	0.0722315572749136	0.0792804570941637	0	0.0367979783674823	0.0233192954867868	0.0686409760980288	0.0758569311110754	0	0.0890191490524208	0	0	0.104934772979019	0.0322227328774018	0.150231854905875	0.0191338649884574	0.0383847594949576	0	0.128163575372792	0	0.042046263927145	0.08	0.153401153491642	1.01948204906662
GSM437248	0	0.11541899342986	0.121836289762283	0.0398128853137383	0.039390960950034	0.0520291749145559	0.0341653370537904	0.0600045546959011	0	0	0.137817976816616	0	0.00896076847226775	0.0640240838322389	0.0586798427359958	0.0381894451814122	0.0273918636194873	0.0462149142586681	0	0.143085569640715	0.0129773393224364	0	0.15	0.117731446826665	1.0435065316597
GSM437249	0.0471149421883589	0	0.129729034338102	0.0175948085422006	0	0.0805157685722929	0.108263251572336	0.0365906153183969	0	0.0166170647195026	0.105755124270338	0	0	0.0315391899899753	0.0136921937252115	0.0984011956761451	0.0550312870602742	0.0386784026485403	0	0.183708429941119	0	0.0367686914372052	0.12	0.13859170046654	1.0307435733939
GSM437250	0.0736801006211512	0	0.136217211792364	0.176348863324745	0	0.0819427397684694	0	0.0599624822345899	0.0422344653475116	0	0.0144901998085072	0	0	0.058613852283945	0.098165294013195	0.0675036194934966	0.0283777720038333	0	0	0.13547652398862	0	0.0269868753195719	0	0.391430292169779	0.921630888765019
GSM437251	0.0608520933037074	0	0.10332171700952	0.0679361034860852	0	0.139494635085948	0	0.0489134209867935	0.0229036171094594	0	0.0303216925004826	0	0	0.178682553267087	0.0401052438096025	0.20037621782746	0.0408733743984056	0.00610516169431354	0.0179038060466045	0.0373176434844483	0	0.00489271999008133	0	0.396924814205974	0.917484037184985
GSM437252	0	0.0196001921745792	0.112898693884356	0.0746662208916628	0	0.260223814206944	0	0.0542478056706574	0.0505054431362389	0	0.123723646293391	0	0	0.00365891111254254	0.0413857584873348	0.0534334355650242	0.0693056209216796	0.032763253449197	0	0.103587204206393	0	0	0.03	0.226134748774521	1.00020073179912
GSM437253	0	0.0071246866507928	0.155577819578858	0.13583468548851	0	0.023835515756807	0	0.106834137610593	0.0520223410860518	0	0.03801025859396	0.00948096302653749	0	0.0364407908391682	0.00610760272807044	0.145534671021629	0.000283399460313372	0.111962074889002	0	0.170951053269706	0	0	0.15	0.121696456679618	1.04370349254407
GSM437254	0.0241645427945879	0	0.187780841792699	0.0943675981476978	0	0.0598113523770683	0.000241262074495095	0.0869517059900727	0.0297546824766757	0.0314152017468834	0	0	0	0.159296368263489	0.104654634540865	0.0613426878137181	0.0775484133237904	0	0	0.0503605381551104	0	0.0323101705028464	0	0.381872563187242	0.926251745196958
GSM437255	0.0664975670972733	0	0.147313182112157	0.0898417077160707	0	0.191566497271851	0	0.0339895896411571	0.0883355647708043	0	0.0760225457020481	0	0	0	0.0829684769247618	0.0497467206689055	0.0454135829008107	0	0	0.125011078434391	0.000751870067820263	0.00254161669194927	0.04	0.185402109500157	1.02254510066281
GSM437256	0.0543593148170412	0	0.144671058684958	0.0540524848250125	0	0.0731021931946316	0	0.0682587719984837	0.0447843212199527	0	0.0693337419194659	0	0	0.137092561007282	0.0720802971861217	0.118642564130415	0.0130876631976406	0.0183609239794425	0	0.117123078915226	0	0.0150510249243274	0	0.3819254613676	0.924874219066655
GSM437257	0.00913066141642635	0	0.0979942837205721	0.00695484164098561	0	0.215588999803171	0.0150380089619552	0.036731247729337	0	0.000703332409509328	0.0098861254221404	0	0	0.194290594457908	0.0301775587924376	0.165009359843568	0.118707573915626	0.0218602333732406	0.0325578323000267	0.0297935054179549	0	0.0155758407951414	0	0.405517800922038	0.913799262461797
GSM437258	0.0616023891768854	0	0.135708713936621	0.139635126193666	0	0.104751678445159	0	0.0811684422973085	0.0479526073850138	0.00994300630981874	0.0254896715066547	0	0	0.0805541011901644	0.0568192954236598	0.0385595805551388	0.0397321845473731	0	0	0.14464470301147	0	0.0334385000210672	0.02	0.250214332069325	0.987459622976081
GSM437259	0	0.0742398519476257	0.089126315879252	0.0595715442788398	0	0.118924322257943	0	0.0398185799430447	0.0743317137613408	0.0097025946857795	0.0452674570490047	0	0	0.00516393439964618	0.0260029035128064	0.157534828279298	0.0724155645391879	0.000485863421491262	0	0.206540765225168	0	0.0208737608195725	0.03	0.225110438185982	0.994423074285115
GSM437260	0.020948865889246	0	0.0887867502169221	0	0	0.297201740661419	0.001854009467682	0.0743849153471497	0.0012445309942303	0	0.0306198994062244	0	0.000142072587658332	0	0.10039409595966	0.0930687346941092	0.142841631666032	0	0	0.121527233965828	0.000214916050993727	0.0267706030928462	0	0.388697625035679	0.920869414666536
GSM437261	0.0693206628198147	0	0.141962419941637	0.0729453057183946	0	0.0686514350800664	0.0888351864907054	0.0282662401488991	0.0193550657282552	0.00229631413423359	0.0261855174290578	0	0	0.0818428370666918	0.0646139922745271	0.0889545910477102	0.060163635212555	0	0	0.16111080105147	0	0.0254959958559822	0.03	0.226876408781183	0.993854884891888
GSM437262	0	0.0338318415037493	0.0556001457005621	0.0869891023381141	0	0	0.0328575035435383	0.0562366583375316	0.0152284506946838	0.014253845251826	0.0373350285092695	0	0	0.346288821253145	0.0202993489699713	0.074297171847822	0.0172588583445783	0.00365449452000134	0	0.168095624447272	0	0.0377731047379352	0	0.486157901142453	0.873263918614208
GSM437263	0	0.0950135054290142	0.0556793923300168	0.036438198096522	0	0.0556316378648269	0	0.00597367883463636	0.056772261938842	0	0.0600818598021825	0	0	0.0925763345111451	0.0285527164303569	0.155627288986636	0.0620646948768179	0.00741339644301801	0	0.184018458337589	0.0439228017906222	0.0602337743277744	0.01	0.319723677932576	0.951799200143792
GSM437264	0.0400819523095728	0	0.143664948971184	0.0839456900533472	0	0	0.0538598434367981	0.00188123727985033	0.0527097578083957	0	0.104818125244575	0	0	0.163913179866034	0.0230032434064486	0.0564985306760594	0.0169041920974044	0	0	0.225403168659717	0	0.0333161301906128	0.05	0.172393768597831	1.03035229244041
GSM437265	0	0.0147801103871547	0.0805100191608922	0.044286318130144	0	0.0442532416585161	0.0134518145764701	0.0358283212521933	0.0112619877976928	0	0.0434297860006641	0	0	0.336212508982398	0.037831000638323	0.106032580528639	0.0215840247376601	0.023332540672319	0	0.171588574259309	0	0.0156171712176237	0	0.430392670542654	0.904346282630138
GSM437266	0.0200143187942981	0	0.212982295597577	0.198584615234434	0	0	0.0322013212842186	0.0847185525652011	0.0154872123500479	0.0350174487178463	0.0481299250037292	0	0	0.0817081966412329	0.110376026175564	0.0773813347460823	0.00891318654310253	0.00489000115131054	0	0.0695955651953555	0	0	0	0.599275216634447	0.807025835707958
GSM437267	0	0	0.0675600173004155	0.15407150207289	0	0.0574957558939778	0	0.0958976018637465	0.0561737008814643	0	0.00883242397921693	0.0455310925179396	0	0.0166993330893095	0.0380835939722727	0.125219842669711	0.0843076226535604	0.00390468879025457	0	0.237301281551358	0	0.00892154276388301	0	0.331880345653695	0.951612551854827
GSM437268	0	0.0417972219579584	0.0869914718230424	0.194632230043992	0	0	0.0463678759991784	0.0562936092999132	0.020716825333429	0	0.0299869831673136	0	0	0	0.0204486162839313	0.0558608215632944	0.0341357781892662	0.0760408774294158	0	0.236096687259814	0.0352933118346644	0.0653376898147872	0.03	0.233633536002009	0.994584799714218
GSM437269	0.0426415630154523	0	0.160585164065676	0.119586895136075	0.0306510907596729	0.0114771040161435	0.173342275188016	0	0.0404895581047427	0	0.122115475539474	0	0.0397862703664158	0.073859623687297	0	0	0.0574252838070852	0	0	0.119542378919282	0.00849731739466861	0	0.03	0.202114742946672	1.00920403262235
GSM437286	0	0	0.062145757552984	0.171823135747857	0	0.111559146262768	0	0.0388625964085037	0.10287614598385	0	0.00096659309481001	0	0.0558014365272037	0.0858738111505633	0.0607432471225093	0.0694629583659592	0.080683837070028	0.0383031543023409	0	0.107891497033055	0.0130066833775677	0	0.16	0.116370150525624	1.0360325937736
GSM437290	0	0.0801228360450472	0.0927866116132237	0.00748454105557898	0	0.143553426837486	0.0271803110660295	0.0871189247974029	0.0550213730906338	0	0.0463745759987352	0	0	0.0643115147484464	0.0405391275255345	0.0880554292798287	0.0432326136267593	0.00163901889422102	0	0.202614580066419	0	0.0199651153546535	0.22	0.0982594205326921	1.0488740073389
GSM437292	0	0.0412521710827438	0.100532066600212	0.128079285030108	0	0.0827888415707258	0.142513278029741	0.0544313942283464	0	0	0.0788500773443088	0	0	0	0.0369610792506786	0.11125936862273	0.0644112591934941	0	0	0.123618686856748	0	0.0353024921901631	0.44	0.0413395747718236	1.06423854996089
GSM437293	0	0.0486144442509694	0.0325036722485989	0.0587727354664524	0	0.052131180094613	0	0.137570923348402	0.0594973204810134	0.003096205739017	0.0651087708609209	0	0	0.112317378963105	0.0672763755659119	0.150519742498758	0.0559480928424705	0.0392418065851926	0	0.100031570150463	0	0.0173697809041119	0.02	0.238299874101641	0.985129166172427
GSM437295	0.0662507584864226	0.0123995349447303	0.00578271258485547	0	0.0886050323144393	0.0466751157958018	0.0159730153480106	0.0748327348280909	0.051274827567991	0	0.103329392880408	0	0	0.121242024277037	0.110392145089128	0.125673286133993	0.0189215715073949	0.0423225196399168	0	0.11632532860178	0	0	0	0.437453915114801	0.898393337359377
GSM437301	0.0247286524114589	0	0.125876945633676	0.0901174304504553	0	0.0349948888324056	0	0.0611429868042016	0.00906759752548113	0	0.0281054012548475	0	0	0.280092535272014	0.112762783972705	0.157878816637232	0.00407535752908446	0	0	0.0659740528934024	0	0.00518255078303621	0	0.683676557674898	0.758245213349507
GSM437302	0.0270742592774431	0	0.0807219119397118	0.0727689312407071	0	0.0672993819165288	0	0.0314545303149644	0.0230802441695622	0	0.0231178643199669	0	0	0.209971421836724	0.0726866365822141	0.098982002606231	0.0259550802917935	0.0190739098684672	0	0.208111309402622	0.0133096153814771	0.0263929008515871	0	0.355943777677845	0.939772668307862
GSM437304	0.00548905345696767	0	0.107747542259678	0.0642943379887622	0	0.280044246849042	0	0.00532147838429214	0	0	0.0776168671020256	0	0.005645723140727	0	0.0274235138891169	0.115806203328447	0.117260551578205	0	0.0481293779830611	0.113871093969994	0.0155424035739432	0.015807606495739	0.03	0.210759295123349	0.99662348088155
GSM437305	0.0337136091309906	0	0.113629179936577	0.0203731850965971	0	0.0858656628332042	0.060801272358391	0.0295417526608338	0.00839462669743861	0	0.0497747807553116	0	0	0.181606076222185	0.0215868172655903	0.17166077371145	0.0748773504646633	0.0144658217050194	0	0.104692077673035	0	0.0290170134887129	0.02	0.236209100120569	0.987889993285831
GSM437308	0	0	0.0402669284299991	0.124599059400156	0	0	0	0.0464014620291053	0.041748372337543	0	0.0439437099518786	0	0	0.357535516728987	0.0174433777642943	0.18560086605424	0.0108753262537825	0	0	0.101107569317594	0	0.03047781173242	0	0.383071786298921	0.930741700510115
GSM437316	0.00392159399022947	0.0262033805699733	0.0276873408459404	0	0	0.276061051179213	0.00724257067525186	0.00627172745662077	0	0.0574928353342235	0	0.00698366531949438	0	0.032648434566701	0.0787607570256288	0.180981086185928	0.0523829439046105	0.00400410928033081	0.0412019758288017	0.0459236165380758	0.133575542329839	0.0186573689691371	0.03	0.224414635935261	0.988117123640588
GSM437317	0.0311678280041804	0	0.14984492235257	0.0602723918035892	0	0.126318019347862	0.00225020258378478	0.0361703571760038	0.0206267039616561	0	0.0813902434452208	0	0	0.111629931937811	0.0450622479011768	0.0832553941076056	0.0638505014557842	0.0221330957558493	0	0.154948032670351	0	0.0110801274965551	0	0.378070034981457	0.926522919702492
GSM437318	0	0.0429132392933008	0.0405614607332613	0	0.000246053763622711	0.0195543568349469	0	0.05573093660644	0.043159950507259	0.0280577565588748	0.00552210325455901	0	0	0.394760385346368	0.0689765565048161	0.193560097889734	0.011212460398165	0	0	0.0812885272316972	0	0.0144561150769552	0	0.500068182730332	0.865831205230505
GSM437319	0	0.0102685580466897	0.0917630633349469	0.0917962134522765	0	0.0760114942673114	0	0.0935553932243786	0.026050608029508	0	0.0512049423675131	0	0	0.207340098413288	0.0624966034154994	0.0987749520819679	0.0370892009287545	0.0039273678606854	0	0.140703518156824	0	0.00901798642035647	0.02	0.234997272328074	0.991766655949105
GSM437320	0	0.0196616887398879	0.130361805603593	0.0210119867411632	0	0.153909536293319	0	0.0101489853298731	0.0429125034304838	0	0.0798667720902018	0	0	0.00734138925430421	0.0250515571938354	0.146022801053087	0.107041097283065	0.0679643014172018	0.0143056030739109	0.110758031541545	0.00976528978434431	0.0538766511701843	0.23	0.0892614735170656	1.04061696229523
GSM437321	0	0	0.184625384831196	0.0447042058248036	0	0.206838252924357	0.0292965184995732	0.033306584619241	0.00192346984056921	0	0.0455949086186154	0	0	0.093154177085545	0.0330942901496679	0.0807904525097811	0.0640871036147299	0.00251840990311675	0	0.180066241578803	0	0	0.01	0.293312226494924	0.968315317836405
GSM437322	0.000113408112947034	0	0.149802002610469	0.0886136304650055	0	0.18850934920725	0	0.0554036215148211	0.0252182744073499	0	0.0386168401942041	0	0.0111207976782208	0.0322010476550589	0.0316741596094012	0.0875164855327576	0.0962688340283849	0.0169466743816708	0	0.160199063506482	0.000148866888267967	0.0176469442077085	0.03	0.206418374454552	1.0024554959047
GSM734115	0.0367627889811221	0	0.231204010884403	0.153366450732042	0	0.0281802827248314	0.0152401573110904	0.0653038339420214	0.0180629618044738	0.030173089661892	0.0302783201672462	0	0	0.112454041522294	0.106143443792092	0.096390703746402	0.0107475791835656	0.00123419614502574	0	0.0608994556030115	0	0.0035586837984871	0	0.611406047312007	0.799017179743648
GSM734117	0.079798720370067	0	0.141694960227779	0.0680210937426497	0	0.073002598928944	0.104540496527539	0.0212587364724097	0.0069595576781938	0	0.0394570141388819	0	0	0.100193709335165	0.0518461126082202	0.100073736639658	0.0408014719135191	0	0	0.150318517538026	0	0.0220332738789494	0.02	0.238275749084597	0.988998538891565
GSM734118	0	0.0125333488668901	0.075297262773798	0.0401232865104935	0	0.0456597378623438	0.00964618335921701	0.0372501496560572	0.0128474860912804	0	0.0397484901156235	0	0	0.347036329582027	0.0345248496672421	0.108867396278881	0.021118531108413	0.02434853278311	0	0.174352246971991	0	0.0166461683726321	0	0.492555680482175	0.869777041281876
GSM734119	0.0285969956947898	0	0.173960428366711	0.0835595688689784	0.0542401331637142	0	0.0453104419999658	0.116466112324229	0.0745523720718743	0	0.0254864938499163	0	0	0.0417917152961763	0.155269779118455	0.0918374962107656	0.0553103957395948	0	0	0.0536180672948299	0	0	0.01	0.314315284121269	0.961473088918273
GSM734130	0	0.0163043143321305	0.0343872760619428	0.0536736939609009	0.0130039145327615	0.110813592622035	0.00394208690854471	0.0120503610048345	0	0	0.0424975129792915	0	0.00520685804284434	0.0974724565160397	0.0202370556723787	0.046127832705028	0.0938598106130704	0.0328177867307428	0	0.308660104196855	0.0289835142195766	0.0799618289010233	0.02	0.286804674457671	0.978585780772573
GSM734131	0	0.0987124994688516	0.0658900423455977	0.0669478751711985	0	0.020407200197262	0	0.0518177663324997	0.0767384008574595	0	0.0630045500308528	0	0	0.151744311963118	0.0587706365435409	0.116546790537188	0.0374200978558872	0.0216362670745216	0	0.144759877827425	0	0.0256036837945976	0.02	0.263578774052694	0.976197989773161
GSM734132	0	0.0662613925986723	0.0568500543014677	0.0954813647834614	0	0.0580710344168241	0	0.0939863249879414	0.0568803141970385	0.0395636527677042	0	0.0253684085494748	0.00325841547903681	0.0261722456763226	0.12650251829762	0.150284537782971	0.0889651946758951	0	0	0.105800890342695	0	0.00655365114287613	0.01	0.313843888175791	0.955039395386739
GSM734133	0.0875732391827048	0	0.14211867907673	0.134024253096942	0	0.0302003900093021	0.0761602880870804	0.0483334933191376	0.0230212114712265	0	0.054523613422091	0	0	0.0752244285687185	0.0290619099564074	0.0699839779872873	0.0312492283437924	0.00455532476524758	0.12825782346658	0.0657121392467522	0	0	0.02	0.290104004237944	0.965908460754768
GSM734134	0	0.0775718838742914	0.0420201933540064	0.0953662545720755	0	0.0540832776167618	0.0129954197401693	0.0578077445440948	0.044889352697417	0	0.0359081530418514	0	0	0.169197454335668	0.130635378105229	0.105654327154197	0.0153611095782344	0.0196225693122913	0	0.108334625737212	0	0.030552256336501	0.36	0.0651619812489128	1.06423725388128
GSM734135	0.0232865754118772	0	0.129524673631042	0.0696866457457019	0	0.293871770577831	0	0.0632438485944771	0.00311734071403898	0	0.110713253484778	0	0	0.0170006817516686	0.0433093300442452	0.0856304961412762	0.0455085930072269	0.0203808240353929	0	0.0947259668604433	0	0	0.02	0.253345922501189	0.98720348624479
GSM734136	0	0.0109979953596907	0.133494468293198	0.185306585521946	0	0.00502940960173963	0	0.0723913828385422	0.109323257399059	0	0.0240103495625711	0.0112637736304136	0.00769661513590201	0.0353373923052398	0.00601240703780947	0.132908832577804	0	0.105371239958744	0	0.160856290777341	0	0	0.17	0.106170488814274	1.04958960559775
GSM734137	0	0.0517192316565442	0.0616525889923331	0.0155871655047788	0	0.206941747537873	0	0.0581517617717197	0.0514451033588156	0	0.0801731485303831	0	0	0.0149412180511323	0.0187353332871974	0.121292022737873	0.129539109055856	0.00841566296169444	0	0.137258622117481	0.0231977329253054	0.020949551511013	0.03	0.223039803325424	0.989707356121485
GSM734138	0.0676830765258988	0	0.133103286902186	0.0590458664514358	0	0.268597853376854	0	0.0136640767362252	0.0764971266742208	0	0.0783935551082698	0	0	0.00177239788630278	0.0752535303442595	0.0531134716738794	0.0445637986865519	0	0	0.122058483785271	0	0.0062534758486452	0.05	0.178214026265872	1.02391798785614
GSM734139	0	0.047274404779356	0.0431302796852376	0.03081749285917	0	0	0.0719390015146848	0.0101432326414249	0	0.0114735927551475	0.0777016044382237	0	0	0.376662381950047	0.0155814334782681	0.0940886360474891	0	0	0	0.194182004013257	0	0.027005935837694	0	0.548926392165655	0.83576962204528
GSM734140	0	0.0475023281700901	0.059882706444468	0.0474539184945701	0	0.0911232009310524	0	0.023672730633403	0.0329493096357057	0	0.03981722739187	0	0	0.215277359950255	0.0352715220054941	0.133148096300807	0.0733094068529345	0	0	0.119291359843763	0.0298937185169736	0.0514071148286134	0	0.334792841260037	0.945898771050831
GSM734141	0.0662966944840064	0	0.131312342129976	0.0825216774696981	0	0	0.0752104147014468	0.00452079945225634	0.0420834545432068	0.00251229666554712	0.0783945097947377	0	0	0.180028168057879	0.0210800528831543	0.0536180227313249	0.0138620582240155	0	0	0.21774795103395	0	0.0308115578288006	0.04	0.187017573331334	1.02197783824105
GSM734142	0	0.048449466604772	0.154693508908782	0.0490744005884442	0.0206789872137039	0.0806732842624461	0.0972834683678713	0.0173060499314468	0.0202338713863612	0	0.118296588419424	0	0	0.0468630879872964	0.00660449613817662	0.10014862541708	0.0364148518339897	0	0	0.190813486965426	0	0.0124658259747792	0.04	0.191215415437743	1.01502902826542
GSM734173	0.0470005980810692	0	0.120505151216657	0.0826179367430376	0	0.0575275753908166	0.0229136810649178	0.0654631318966135	0.0791340084335317	0	0.0507460542707914	0	0	0.0321509810328171	0.0850360517817581	0.165585800481037	0.0263872509222407	0.0209741723435534	0.0201642094368541	0.0913220261005534	0	0.0324713708037515	0.11	0.149343593884868	1.02239542334834
GSM971957	0	0.0130133773000028	0.0466032065521903	0.060481889198413	0	0	0.0785549338455292	0.0688872754212126	0.0444494413019482	0.0157633625278453	0.0382718361361182	0.0027628975936405	0	0.171447348611462	0.0571552258312163	0.0535837506556403	0.0317892240903097	0.00695666574820118	0	0.251833849316288	0	0.0584457158699829	0.02	0.23534955586767	0.999320648703709
GSM971958	0.01242368576776	0	0.08048397903614	0.0570455795665337	0	0.00751210386395052	0	0.0412897658334831	0.0141030499737606	0.0403361263956431	0.0419330026712263	0	0	0.321948177407374	0.0285759530343954	0.154188657027736	0.0191153820217527	0.00302337688238305	0	0.130513084939364	0	0.0475080755784976	0	0.658004181621746	0.771512365196554
GSM971961	0.00132481571187636	0	0.0520966407859376	0.0375606375975178	0	0.000635192761702554	0.0027178908598837	0.0480199388780743	0.0303778103356058	0.00441434873382497	0.00344637214580834	0	0.0225812084596015	0.503185797961014	0.0302801076248127	0.156807241785748	0.00908981341022159	0	0	0.0780997221384306	0	0.0193624608099402	0	0.725222666333313	0.703336605518455
GSM971971	0.0248573187276989	0	0.073459155004506	0.214002670799475	0	0	0.0627170510243699	0.0581672289240367	0	0.01535201925947	0.0102239817779188	0.000598174690880075	0	0.127093141775386	0.144326112899504	0.0923517674977241	0.0428361856922721	0.0141703979761894	0	0.116573596558364	0	0.00327119739220432	0	0.371841343591124	0.930486369914
GSM971974	0	0.0364384420038236	0.109155967784523	0.108212772577379	0.0326407603706427	0.119826325003222	0.0112273986904426	0.0414177854646402	0.0698491487784001	0	0.076966692237441	0	0.0262224510019312	0.0648473598231101	0.0254143148095371	0.0762652973960649	0.0313456135176111	0	0	0.170169670541232	0	0	0.07	0.156644693458517	1.02678562388481
GSM971988	0	0.0646608589620077	0.0611161367838048	0.0961634712607799	0	0.0922202413816106	0	0.0453892196297461	0.102387288304111	0	0.0825684735136379	0	0	0.0793440493694324	0.0623346250036795	0.0870691052540847	0.0134662660270119	0.0539876884924242	0	0.125703748446723	0	0.033588827570947	0.04	0.184835894631169	1.0100338322174
GSM972003	0	0.0265586512247109	0.250066279884301	0.0497762159009585	0	0.100814683395177	0	0.158715713362747	0.0214028727936501	0	0.0661932317293006	0	0	0.0591338067390304	0.0787646082390025	0.0360592460518542	0.026099379544416	0.0440886407082087	0	0.0728808585675691	0	0.00944581185907368	0.01	0.30860206302245	0.970418701691097
GSM972004	0.052660882288073	0	0.160217614398958	0.0710536275873463	0	0.101865213541158	0.0119633773473951	0.0482512314392422	0.0435403749699716	0	0.112253230887584	0	0	0.0604747850640597	0.0718777785877126	0.10019237247833	0.0157061870863711	0	0	0.149943324323798	0	0	0.01	0.317980916264549	0.957307421975123
GSM972005	0	0.0276635166553748	0.0394632655661876	0.10472961321125	0	0.0177755345343219	0	0.0865213048135036	0.0533046716818896	0	0.0100758591061743	0.0378597436140128	0	0	0.00863175080925453	0.0358016560848225	0.0668549327971327	0	0	0.481945816660785	0.000809380241982741	0.028562954223308	0.23	0.088656839703176	1.13512324507709
GSM972006	0	0.000989453344517353	0.0598364409066299	0.0532858940044994	0.0379131364928094	0.0989277797415888	0.0419324901077045	0.0746104652290747	0	0.00767090600887621	0.0379805211189116	0	0	0.148617040567492	0.0819357420359203	0.128896791113329	0.0334699771067822	0	0	0.139812393359407	0.0541209688624578	0	0	0.371875175785076	0.928657447448957
GSM972007	0.0507978548202713	0	0.111611437651316	0.0863896843455869	0	0.0608098752525605	0.0136903471821179	0.0431882090613669	0.0616138319546304	0.0215120648827732	0	0.000471286901468049	0	0.118678613691303	0.0580713920054615	0.129749260822281	0.17356181619659	0	0.00523581820238255	0.0480248109555619	0	0.0165936960743293	0	0.547196364971358	0.848365538747602
GSM972008	0	0	0.032544232010637	0.0427905102704511	0.0360712203773348	0.0421756367597928	0.0230918586923455	0	0	0	0.0591587011034345	0	0.0354851930991107	0.131482935929285	0.0209403260738581	0.0891566509023229	0.116812107792569	0.0524086685121137	0	0.107577894709221	0	0.210304063767524	0	0.381751644003127	0.926801993379421
GSM972009	0	0	0.197515689476092	0.11587013208818	0	0.140268516840978	0	0.0477044569454346	0.00570654536214568	0	0.00842957043109089	0.014060136105764	0	0.0651119683502129	0.0458431077888031	0.0962882464231912	0.115830347601992	0.019540144092307	0.0423259176584604	0.0689691731747505	0	0.0165360476605981	0.01	0.311912404170711	0.956863506699524
GSM972010	0.0197638923553633	0	0.048604673765943	0.0732083451209522	0	0.0767127003224953	0.0532384913871014	0.0227221653055892	0	0	0.0231467690754474	0	0	0.206660483884432	0.0463209993488169	0.0866915692605676	0.00808438732576145	0.021373407149139	0	0.26541806189573	0.0109312254723546	0.037122828330307	0.02	0.25234698005768	0.995238930254503
GSM972011	0.0637329115772197	0	0.104312472651757	0.156717860272995	0	0.0245629143657661	0	0.0976551354719569	0.0273095351333587	0.0315347343648934	0	0.0117976078058641	0.0030290730877376	0.0376534056778939	0.142597971958965	0.194150292377749	0.00513777421592441	0.0124363609695456	0.00829595633830939	0.0663602811014162	0	0.0127157126286478	0	0.539255040335789	0.846351569667565
GSM972012	0	0.0249586978832113	0.115415249885142	0.0185263657079788	0	0.24314186876232	0	0.0168403966188672	0.00122111789640099	0	0.0725166157241551	0	0.0161203667548533	0.121652466278565	0.0315349238681186	0.0619935968864688	0.00423501122093435	0.05999756247757	0	0.211845760035415	0	0	0.07	0.16151932095674	1.02692922692186
GSM972013	0	0.0517631955264624	0.0605749799056324	0.0761723132238044	0	0.0920061045140619	0.0438666893834744	0.0615001119686014	0.0201624978624251	0	0.051743682416367	0	0	0.0662736798632556	0.0411722235700979	0.0845018351769022	0.020296186618727	0.0397546025317598	0	0.194576294866402	0	0.0956356025720268	0.12	0.130547770198971	1.03319914860852
GSM972014	0	0	0.0508074432497175	0.0724709239239944	0	0.0285567894548971	0	0.0612288901350892	0.0126018234755948	0	0.00804183419237336	0	0	0.124139493727411	0.0496195617208967	0.0859548790593094	0.0483376733954558	0.0268532427724073	0	0.365853480271252	0.0198831980871689	0.0456507665344325	0.02	0.235726910017652	1.01803460004952
GSM972039	0.0419467616308329	0	0.193078251231186	0.092452129394181	0	0.068948738729993	0.00645763915265009	0.122498562415362	0	0.0469555177040661	0.00291031676880401	0	0.0717067622593806	0.0367632095134708	0.0288941903440808	0.0415584464617502	0.0196353008834575	0.0358559840765413	0	0.136899224046431	0	0.0534389653878126	0	0.343368343754272	0.944906683085854
GSM972043	0	0.048236988312236	0.057347217973986	0.0697200737152918	0	0.0910715322224065	0.127719383658926	0.0489377923260304	0	0	0.101481047065751	0	0	0.152470674881157	0.0323220234488748	0.0930346464611192	0.0536319126070324	0.0131434934312893	0	0.110883213895899	0	0	0.16	0.115081147064522	1.03434091486706
GSM972045	0.0764771893161228	0	0.0405557453976371	0.0741089927514154	0	0.0966151533213629	0	0.17230819979604	0.0104276105908517	0	0.0753530880827111	0	0	0.129849041301801	0.0126646306876262	0.0899937253830911	0.039348147686708	0.0167093992356872	0	0.165589076448946	0	0	0.16	0.114578813409907	1.04375942047701
GSM972048	0.054438936083248	0	0.103889938684242	0.0728928274495903	0	0.0748475878960568	0.00575723266441131	0.0292381857687381	0.0308841716763114	0	0.116888257439585	0	0.0282740746120883	0.141464360104072	0.0174841256035227	0.099648411123742	0.0280035507577964	0.046239229649442	0	0.12337344537859	0	0.0266756651085639	0.15	0.120304944101055	1.03501881858296
GSM972051	0.00328729134683945	0	0.051618243864699	0.0788003413808239	0	0.0565294538274849	0	0.0328183573558755	0.0265886776124572	0	0.0243120430202913	0	0	0.204110781230396	0.0704200447342516	0.197312298769657	0.0334461033495719	0.0230870051512579	0	0.162097659593483	0	0.0355716987629118	0.01	0.305215970230398	0.963366969430288
GSM972064	0	0.0155436465036239	0.119452701103583	0.0262640406469174	0	0.0515741611631528	0	0.0359183033287313	0.00412074603824091	0.014183857169712	0.0197035671395101	0	0	0.202000169094825	0.0504645325997924	0.0931750751479812	0.0179601684973986	0	0	0.276578204431258	0	0.0730608271352739	0	0.515879862265847	0.85585705112152
GSM972066	0.0597180091994863	0	0.12721707754569	0.0408683063459418	0	0.0854776982874508	0.0584798487804303	0.0106104409418886	0.0154026269750149	0.00932459024746624	0.0504714011300697	0	0	0.212453042575905	0.0394790623821527	0.0793354475079631	0.0139614378634928	0.00314918873306748	0	0.150836747335923	0	0.0432150741480568	0	0.34189278081342	0.944484184006738
GSM972208	0.0343407350428944	0	0.086790253326438	0.0787751165171684	0	0.0459877734374291	0.00907505220863034	0.0708839142693746	0.00130196003771126	0.00921026927124324	0.0146253791187503	0	0	0.173559299480149	0.185223456555963	0.144756837270302	0.020205738701779	0.000830158804128876	0	0.0879983395668979	0	0.036435716391141	0	0.430108124464637	0.903038590089297
GSM972209	0.0870644465333238	0	0.054377588034631	0.0778682334943345	0	0.00365512750214724	0.0660076214801215	0.0683222392780423	0	0.104677346368469	0	0	0	0.182394186340594	0.135374816580835	0.10392012577558	0.0193382398493825	0	0	0.0523535455180243	0	0.0446464832445156	0	0.400631392903536	0.916105957961844
GSM972210	0	0.0370614479688905	0.0368268216360929	0.0769420079796628	0	0	0.0476717773644047	0.0720164290438245	0.0756058921589316	0	0.0635904519965328	0	0	0.234140633995194	0.0699803348932834	0.147449288733078	0.0381669762825711	0	0	0.100547937947534	0	0	0	0.505317364963216	0.865228058867535
GSM972212	0	0.0453710132980697	0.0599239772251851	0.0389365240852613	0	0.142971880901557	0.0422297301836227	0.0193796974244647	0	0	0.108320317426388	0	0	0.0924789649799891	0.0342867177288257	0.115406628932912	0.0663887237208204	0.0332597722747498	0	0.181574219786592	0.00142352674328875	0.0180483052882735	0.05	0.170808004228626	1.01482283585711
GSM972213	0	0.0412832508934662	0.0780676632802678	0.0172974586513334	0	0.0427937518865369	0	0.0764364678887866	0.0390995379429631	0.0261727703890451	0	0.0466666434366317	0	0.418596852979309	0.0186067292026443	0.0875697150876876	0.0173327451157064	0	0	0.0592515397984048	0	0.0308248734472169	0.03	0.217694871007263	1.01724415003964
GSM972214	0	0.0304099220824488	0.0978079160062085	0.0365128187873678	0	0.181763966306071	0	0.0158545757314066	0.0248175901882497	0	0.0543209403059207	0	0	0.119145401655427	0.0116122866881064	0.137562100048996	0.0306292984707692	0.0309880493812235	0	0.117598727774077	0.0786356666069318	0.0323407399667963	0.03	0.214892721736954	0.993561542523638
GSM972216	0.054884014318788	0	0.108599071244334	0.0644515074164761	0	0.08587498242162	0.0775278637184768	0.0427086413629451	0.0526688543683497	0	0.0727172880411089	0	0	0.165389772082255	0.020536205458709	0.0639800447712091	0.059729272446336	0.0107022136904846	0	0.0827913433450346	0	0.0374389253138733	0.02	0.24510911828913	0.982215445370854
GSM972217	0	0.0595642771519663	0.0513614990895323	0.0454188814810676	0	0.070546600122749	0.0647282970379856	0.0694256735324545	0	0	0.0585571289011062	0	0	0.162838069029803	0.0703215584448486	0.133996438305302	0.0802068952489737	0	0	0.111652085257659	0	0.021382596396553	0.01	0.326015962559039	0.947811465893626
GSM972218	0	0.0117815785974999	0.0760796436783362	0.0540692356932632	0	0.301373997864095	0	0.0341994231231726	0.00487704570961353	0	0.0687186020292401	0	0	0.0113276805415969	0.026318136258001	0.0876787985607311	0.131590235577126	0.028132399159044	0	0.162491350320035	0.000509683656298374	0.000852189231946429	0.03	0.227269650354988	0.992982287531749
GSM972219	0	0.0143325235609503	0.0739675265147545	0.0723746028209295	0	0.121663294390769	0	0.0246821987009958	0.0452020820089723	0	0.0881160339224595	0	0	0.178483329742318	0.0354042055078674	0.0918126091103348	0.00511946431914124	0.0337273175936958	0	0.197821153791624	0	0.0172936580151872	0.05	0.168713529974358	1.02401247271333
GSM972227	0.0271474199452369	0	0.11757484621814	0.104648839189537	0	0.221162778874107	0	0	0.0854301935740684	0	0.0537232189288922	0	0.0256044323116988	0	0.0416876187988961	0.0858235702792901	0.0362612646668859	0.0209371751189297	0	0.157267642035215	0	0.0227310000591033	0.02	0.259739479456156	0.981519531062081
GSM972231	0.0232319482566236	0	0.0902433513266911	0.0270377742055998	0	0.05584381736415	0.0228583026383848	0.0305708126653514	0	0.00470630881039753	0.0340640703662927	0	0	0.256408996492067	0.0334786582554751	0.0750771703777281	0.0145199893402916	0.0151030760946282	0	0.193365533511534	0	0.123490190294785	0	0.556615867066666	0.832980226174644
GSM972232	0	0.0694569892640069	0.0473081213033327	0.0710806931145468	0	0.030244776346465	0	0.0537537988194765	0.0640679187219408	0.034480283999589	0.0505673095779198	0	0	0.260423998251668	0.0586316455493082	0.14246653688922	0.0214265439071269	0	0	0.0663433300380051	0	0.0297480542173946	0.11	0.144981611649738	1.03105051688642
GSM972234	0	0.000997801649689664	0.0600800405537687	0.00345016628030887	0	0.120404649024107	0	0.0459742184622043	0.020063398399078	0	0.0305930315071899	0	0	0.267830059454724	0.0477815648311151	0.1727427607577	0.0548933354218266	0	0	0.138863565987228	0.0130180485622218	0.0233073591088373	0.03	0.200351383622358	1.01353107756456
GSM972236	0	0.055909178754446	0.0662647235731865	0.0756333060784903	0	0.01329162512609	0.099110560872668	0.0533220028448725	0.0223995333030246	0	0.0260523835711853	0	0	0.136289738868022	0.0549671504392725	0.157410273376528	0.0397996162588931	0	0	0.133369252865455	0	0.0661806540678662	0.03	0.22456585013835	0.990565802370351
GSM972240	0.0117872886292352	0	0.0207023058125267	0.172007821312768	0	0	0.0128524366900476	0.0870895299409933	0.0112642967189494	0	0	0.0251537419613316	0	0.205204193074234	0.177703395499214	0.12345876767653	0.108124308222219	0	0	0.0173690165312346	0	0.0272828979307159	0	0.493655906432399	0.869004768173578
GSM972251	0	0.0390861306929905	0.0580574681558956	0.0881469086322497	0	0.0200949921994317	0.0937971807017703	0.057880928999861	0	0.0266217539646992	0.0143406833604663	0.0225874803935237	0	0.140599936938815	0.115868024108478	0.116407189821227	0.0477865432801559	0.00290763886058332	0.0442906700277078	0.0794343845930483	0	0.0320920852690963	0.11	0.14738625212735	1.02260899308426
GSM972252	0	0.0241118575165869	0.0668765682334763	0.114205942492075	0	0.0720165686525262	0.0093368708547292	0.0428886397080119	0.0486212457670045	0	0.0325128799732376	0	0	0.0469737371919833	0.113696692125583	0.196323254572746	0.0767490917615297	0	0	0.118110807045729	0	0.0375758441047817	0	0.426801443946708	0.903575767271773
GSM972253	0.0518673232042912	0	0.150132280540286	0.00801867765380481	0	0.156838010205259	0.0395435934944434	0.0386379905531848	0.025255707808429	0	0.0709104846756897	0	0	0.0663646014772559	0.0305151593113522	0.136068998606107	0.028141766165989	0.0453157611412179	0	0.117134442859063	0	0.035255202303627	0.02	0.277810225513122	0.969538505008186
GSM972254	0	0.0138765686441501	0.0498938705849176	0.0238829255918137	0	0	0	0.0812947631656553	0.0649081152032259	0.032830267529586	0.0627026280253822	0	0	0.394785509422772	0.0282659858951173	0.0558616789092449	0.0262308878718286	0.0284009051709085	0	0.120719164319059	0	0.0163467296663383	0	0.496674724610621	0.867329576407697
GSM972256	0	0.107635150391629	0.0763517568748142	0.0868201090321324	0.0214733333816591	0	0.0709411065855269	0.0977683182236262	0.00271015622893516	0	0.0999410664840946	0	0	0.0906982489540431	0.0374578620106104	0.0798794293022417	0.0427397612594864	0.0176271747149196	0	0.124683142515011	0	0.04327338404127	0.12	0.129920124706452	1.02872015094364
GSM972260	0.020134186650505	0	0.0757054374720977	0.10540529457824	0.0210171488213714	0.0464706508932769	0.00402663289700714	0.0584909263589055	0.0251656689837592	0	0.0947830026399718	0	0	0.102692118055657	0.0242828884645037	0.0783208310947627	0.056527114909524	0.0302527146367248	0	0.254294812626112	0	0.00243057091758212	0.09	0.151936389242458	1.03535775459262
GSM972266	0	0.0136678128517773	0.184869720628084	0.214321305969123	0	0	0	0.061864491286747	0.0129943164713466	0	0.0905762260755844	0	0	0.0270520178287342	0.0357290292215668	0.127570868294106	0.00689642729382238	0.120012447248312	0.0120985908717642	0.0734385951840547	0	0.0189081507749768	0.05	0.176281411050199	1.02232515262473
GSM972272	0.105337318502245	0	0.12127629300355	0.187859680938435	0	0.0344502460826826	0	0.0973981128627231	0.0411566237062286	0	0.0377820642097483	0	0.000812282695582729	0.031030704051316	0.0292309246904822	0.102210390428642	0.023858561712026	0.0374524309529796	0	0.130280897249783	0	0.0198634689135757	0.11	0.143866934990895	1.03401700272453
GSM972284	0.0584781327313259	0	0.0743271000729706	0.135540785642408	0	0.00425448954808489	0.0861629249322263	0.0749138721256104	0.0066052774156774	0	0.116096007816797	0	0.010192653021768	0.0498275597897186	0.0476933688785928	0.151441150797955	0.0344642558448138	0	0	0.109026558593592	0	0.0409758627884593	0.08	0.152235076075878	1.02000361293562
GSM972288	0.0279023415798179	0	0.146767260139176	0.149941838381102	0	0.019924425312961	0	0.0580983635215822	0.114604103453371	0	0.0101080502707714	0	0	0.156613945147589	0.0409357413383704	0.11598254388443	0	0.00459832728784412	0	0.120570387731478	0	0.0339526719515072	0.04	0.187053103683444	1.01465061906457
GSM972289	0.044549606610583	0	0.152454370554475	0.0480807957079208	0	0.192078123080164	0	0.0648756562790669	0.0644886762989284	0	0.103251873282314	0	0	0.0443538071357476	0.0186839981789295	0.0659486420470898	0.0184599431492063	0.0316066604479869	0	0.124951096323596	0	0.0262167509039909	0.03	0.19871560863282	1.01126648544617
GSM972299	0	0.00494698742852187	0.0589539461148972	0.0849076834709631	0	0.0920624624350564	0.0973368134722645	0.0503337861775826	0.0613282307402465	0	0.0485675125782794	0	0	0.0828385851119796	0.152212425443901	0.128906898954536	0.0574691367804103	0	0	0.0501995388751625	0	0.0299359924161987	0	0.387203278405727	0.921969947208365
GSM972400	0	0	0.0920345140139607	0.109553980728056	0	0.0535205505720209	0	0.0456902819688823	0.0209939007255392	0	0	0.0356505536169439	0	0.0748597934620361	0.0397402784378462	0.146838198939927	0.100826328738297	0	0	0.209190574983852	0.0299626500481187	0.041138393764519	0.03	0.202296426010096	1.00581478980533
GSM972437	0.0306244833772051	0	0.106624726864066	0.0717198456812402	0	0.045473064578434	0.0140444929050127	0.0424904851812706	0.0263119524653719	0	0.0269054073702567	0	0	0.23371505465448	0.0755179502953307	0.163024395257424	0.0220669277691566	0	0	0.102776656898039	0.00185375051555672	0.0368508061871556	0	0.337364872576317	0.946708947229071
GSM972438	0.0241760764359905	0	0.0202570286088395	0.0591397406571493	0	0.053603370610235	0	0.0474844627873005	0.0273066811192547	0	0.0252503947565122	0.000936684306218839	0.0613122761313676	0.203624243260602	0.101678819993089	0.112757830026695	0.00450157438489479	0.0016721405896529	0	0.1145837664287	0	0.141714909903499	0	0.478236803259269	0.877501532295264
GSM972439	0.0685052822348502	0	0.152476654373551	0.059155841851949	0	0.112968238353239	0.108385209221827	0.00978642947114508	0.0395949715653651	0	0.0882379679035984	0	0.0234733546685468	0	0.0531965955052273	0.156638659415925	0.0280966031746059	0	0.0283322057987894	0.0414298563884706	0	0.0297221300729106	0.05	0.176582865457639	1.01169027025907
GSM972441	0.0352781803538315	0	0.0544017002900113	0.0772072363686488	0	0.146806570079871	0.0311864759762363	0.0514416971638152	0	0.0345096698927497	0.0524139769511308	0	0	0.0837165338113764	0.0486362322218148	0.119420190870811	0.090763799805414	0.029504302478454	0	0.100408261726903	0.022562163798004	0.0217430082109275	0	0.477912028407865	0.881669021486072
GSM972442	0.117317501535993	0	0.0288018405985309	0.106837994844887	0	0.123010601541578	0.0570843173465195	0.0524494633108062	0	0.0592124290028394	0.0100725093141242	0	0	0.0773524251425484	0.186980875896415	0.110729352438646	0.0460193928995094	0	0.0205048667378791	0.00362642938972319	0	0	0	0.569825418209265	0.828171221471246
GSM1875897	0	0.100736460701983	0.119892323604551	0.0448362525266616	0	0.0457401972533279	0	0.0383224105886002	0.122061232929197	0	0.108256143131969	0	0	0.075273298126848	0.0616243973228104	0.0478995389514299	0.0364330501863515	0.0499954307728226	0	0.145692137305333	0	0.00323712659811448	0.14	0.123050348494404	1.04103845623093
GSM1875898	0	0.0233254486462398	0.104508055502996	0.19836883373232	0	0	0	0.0652339163010719	0.124616337308266	0	0.0477225299534855	0	0	0	0.0625957192519013	0.0851106316000981	0.0949855208953593	0.0151514817573187	0	0.176504842851722	0	0.00187668219922147	0.13	0.127731160781743	1.04035861773176
GSM1875899	0	0	0.141090467080387	0.177001297455601	0	0.130141352620012	0	0.0960952874419732	0.0100363389804771	0	0.00551903952543449	0.00225106271704387	0.0110132324800066	0.0904087808717829	0	0.108130716069492	0.101699353242985	0.0372724579479499	0	0.0893406135668548	0	0	0.0600000000000001	0.16694485257713	1.01959662070552
GSM1875900	0.0213180778375918	0	0.0809295883875998	0.166922211689998	0	0.011332029522942	0.0342197581638095	0.10384907116319	0.056805289334023	0	0.00798685659034588	0.00953182808156374	0	0.124583090281643	0.0708745596542738	0.152225241206832	0.0579855376047573	0.00919610158277672	0	0.0922407588986545	0	0	0.01	0.310282719102786	0.955664295469653
GSM1875901	0	0.0369352713240912	0.0643078321094796	0.0589938076836344	0	0.038660162435228	0	0.0788130356631203	0.062958665639303	0	0.00338605427081294	0.0477603035727635	0	0.250862963115561	0	0.129117917771655	0.0781146387992582	0.0572998913018991	0	0.0557329709115539	0	0.0370564854016394	0.01	0.306172017709553	0.959756940912619
GSM1875902	0	0.0182699641529196	0.15559037322891	0.096940549698501	0	0.0751329925169548	0	0.150901501819527	0.00409182246985797	0	0.0565351951924694	0	0	0.124747057947702	0.0551865561328745	0.0789377188947776	0.0193483885033029	0	0	0.164317879442204	0	0	0.03	0.198071506727871	1.0124650482893
GSM1875903	0.0549896057999765	0.026453157854046	0.118466520533966	0.174952317152074	0	0	0.0212119095090625	0.151277316007528	0.0502582870246139	0.0938860796475475	0.03976322619685	0	0	0.0101764277348286	0.0618802728864899	0.101708905962902	0.0130128699097498	0.000841566424173386	0	0.081121537356191	0	0	0	0.386118288475365	0.925815669399314
GSM1875904	0	0	0.104258245734942	0.191247282243559	0	0	0.0469221371509508	0.0572336564062835	0.0597619906384651	0.0201981311284436	0.0520695064422241	0	0	0.172978730344754	0.0576209574741961	0.0866696951603752	0.0277921345485109	0.00402633821575501	0	0.119221194511542	0	0	0	0.356782398022498	0.936679952133346
GSM1875905	0.030357211820355	0	0.184706840416812	0.0770717064661627	0	0.132584745567642	0	0.0753522574000314	0	0	0	0.011249753417609	0	0.113888704756752	0.0562339339053465	0.0790227031433912	0.0645139158412462	0.00450239181609125	0	0.149931755023762	0.00279599568400938	0.0177880847407896	0	0.355637082384	0.938772379590907
GSM1875906	0	0	0.203557217473781	0.12165769479613	0	0.111926442382965	0	0.0517311979403495	0	0	0.0235916673964367	0	0	0.0859384176287961	0.0375284571654047	0.0936021835696031	0.0990379613629913	0.0183525208035854	0	0.0957954852744066	0	0.0572807542055506	0.01	0.294594426973245	0.965723419977745
GSM1875907	0	0.0546348288981528	0.0728422076520943	0.112027652025227	0	0.128101177431539	0.0664747744279375	0	0.0434762864042707	0	0.0415449753262846	0	0	0.07432580965104	0.0839054673671141	0.0547483526696606	0.0454656788970307	0	0	0.164182399071732	0	0.058270390177916	0.03	0.217142043887046	0.99652787763937
GSM1875908	0.00120250319837404	0	0.026251547140601	0.0560382121017221	0	0.0382411087352907	0.013919110098494	0.0309914691592914	0.00236176305695734	0	0.0330866838906207	0	0.00615012626475634	0.241850509018551	0.0667126334471425	0.074141591134068	0.0135214868650725	0	0	0.294298889179216	0	0.101232366709843	0	0.451126664511378	0.8961769647645
GSM1875909	0	0.0561934495296478	0.0343001233582614	0.000538897891616507	0	0.0490120742869039	0	0.0690997925353134	0	0.014974051388536	0	0	0	0.175951182541555	0.0790328241325641	0.283335099973386	0.0453138570020089	0	0	0.137361961158828	0	0.054886686201379	0	0.488893716600318	0.871937962638982
GSM1875910	0	0.0170356260626222	0.0502663126567311	0.00679679657709094	0	0.0710238376044635	0	0.0725596229113273	0	0.00984979716388608	0	0.0102663079157747	0	0.216103839455445	0.105303224362097	0.311005791828314	0.0263201526939807	0	0	0.0556292678433115	0	0.047839422924957	0	0.495776935377862	0.867918152131788
GSM1875911	0.00239777500490585	0	0.123074892789647	0.112756251656781	0	0	0	0.0379837361415728	0.0346626219534441	0.00669984664378078	0	0.000867914864486089	0.00373563521425426	0.425702266711783	0.041524030443669	0.129249515718482	0.0106202869401181	0	0	0.0690463409465925	0	0.00167888497048424	0	0.738670711168389	0.706467709495909
GSM1875912	0	0	0.121135863859342	0.102735781376179	0	0	0	0.033912179389325	0.034885522919071	0.0200084374994298	0	0	0	0.410631236582422	0.0495286779513309	0.151051417665143	0.00990583211637594	0	0	0.0558249511587498	0	0.0103800994826327	0	0.750516229940142	0.699036699951551
GSM1875913	0.0189086167194244	0	0.0856555925076519	0.073678341493231	0	0.0338523215390267	0	0.0494972184976962	0.0309555906935729	0	0.0495496531054833	0	0.0180612940305751	0.176999518233307	0.0380295480214965	0.00964915683292091	0.0371050795984165	0.0130323894375805	0	0.250908385484385	0	0.114117293805233	0.01	0.31311321069343	0.963258199750276
GSM1875914	0	0.0255382269748802	0.0309241666815126	0.0177822442412349	0.0110321692157818	0.0462230049338575	0	0.027503943954952	0.00154874926928188	0	0.0652618193528142	0	0	0.235465230407371	0.054485504291733	0.0606417314851811	0.0103264840597818	0	0	0.286922841518358	0	0.126343883613261	0	0.465564132770217	0.886987702228047
GSM1875915	0.0010735977850939	0	0.0983044772935099	0.0747090914135245	0.01771730037535	0	0.0164517371934525	0.0403486094028713	0.0269061918607405	0	0.0405188077654272	0	0.00323957231830848	0.168982247673746	0.0472951299333557	0.032892016390929	0.0452052507108405	0.0117494524761833	0	0.230150374237302	0	0.144456143169365	0.02	0.289267023458436	0.974764141479046
GSM1875916	0	0	0.260904991361407	0.140470177454067	0	0.0684896273042526	0.0227425162339828	0.0590650738220545	0.0125426043959713	0.0342859746876938	0.0174652187799329	0	0	0.135848399960646	0.0332114363589091	0.103605597078026	0.0295116702913201	0.0277487512815981	0	0.0431393715068292	0	0.0109685894833097	0	0.414220106469993	0.912809680233814
GSM1875917	0	0.026156538630661	0.0339843292034829	0	0.044999869031943	0	0	0.0495850754443644	0	0.01705706065266	0.0293930565375512	0	0	0.240596171807635	0.0602205068172351	0.0737646836701687	0.0152529147987629	0	0	0.32116638845674	0.00303198133466528	0.0847914236141299	0	0.514414315688748	0.85757141913159
GSM1875918	0.0311456111353943	0	0.123227078529532	0.0355728292093313	0	0.172052314686622	0.0189483351969167	0.0499532587931678	0.00383436268291005	0	0.0709769943535946	0	0.000883084786697397	0.0727887925813863	0.0358305128045681	0.104040527224944	0.101294488114642	0.0178943272945724	0	0.157262967163175	0.00429451544254697	0	0.03	0.229781436343795	0.989707986757034
GSM1875919	0	0	0.203628844043707	0.0235114852317315	0	0.139687677744548	0.0334314452415741	0.0415219090882172	0	0.00778269181730655	0.021553774140072	0	0	0.179139126334373	0.0361419322857319	0.152961226345356	0.0495479367138614	0.00820080199267373	0	0.0627956817820923	0	0.0400954672387556	0.01	0.321954655487008	0.954653643245672
GSM1875920	0	0.0123280825933364	0.0649379230680227	0.0569731901901156	0	0.0375588356688054	0	0.0906949731711243	0.0120084459975773	0	0	0.0182708228498062	0.00373668015640697	0.148073512674932	0.0467528843785907	0.30957486038953	0.0417641712120435	0	0	0.0995895936186324	0	0.0577360240310772	0	0.402357443537578	0.915498833193509
GSM1875921	0	0	0.197014782891298	0.0941164232439236	0	0.14208060576399	0	0.043799183144176	0	0.00266819064137882	0.0610177614013665	0	0	0.117537440047688	0.0360576399019639	0.075647722673175	0.0695070394977826	0.0117149059366665	0	0.10155707660143	0	0.047281228255161	0	0.343824573550895	0.943333652991454
GSM1875922	0	0.00633820916531169	0.0825701508136649	0.0609445307544595	0	0.0475274867939278	0	0.0384580888996264	0.0496351046199507	0.0065512690976698	0	0	0	0.137666869380126	0.0409317136624085	0.0440386721541284	0.0374965533354359	0.0160280860382615	0	0.278340081618083	0	0.153473183666946	0.01	0.295413327184896	0.975887036251711
GSM1875923	0	0.0819007226714246	0.136421159761462	0.0996492214476055	0	0.0764077973504525	0.00661828497687765	0.0677540957311787	0.0671466940105642	0	0.0593065444094509	0	0	0.025057757576729	0.0700603503548187	0.161142434946167	0.0324671074006916	0	0	0.102323054954316	0	0.0137447744082617	0.01	0.300512311574884	0.961759304080893
GSM1875924	0	0	0.197454632133569	0.237496220025502	0	0	0	0.0728025191179056	0.0241789123118836	0.0185182015889249	0.033775768158356	0	0	0.126159791755086	0.0277117041460662	0.134017782809651	0.0166203976047549	0.0101842644939742	0	0.0948748211736922	0.00310558339694848	0.00309940128368587	0	0.420328930959443	0.907667519323725
GSM1875925	0	0.0660074051678835	0.0837727160809072	0.0349556031864659	0	0.00324379315439946	0	0.0689766492784274	0.0706699949271347	0	0.0242612167185749	0.0328173592539657	0	0.275592689632478	0.0283291812479056	0.0750665746984387	0.0715494863290015	0.0239092534728202	0	0.103728838751813	0	0.0371192380997844	0.03	0.215531223142217	1.00219717313399
GSM1875926	0	0.147531029675587	0.0853057104629906	0.0537781707139085	0	0.0997971031049508	0	0.0387555384350399	0.0644843685708241	0	0.0196816703416844	0.0237111594693993	1.73984876363772e-05	0.12425578135439	0.0456521518034663	0.0647062848037648	0.0558026289451424	0.0184447898384272	0	0.119962025323909	0	0.03811418866888	0.03	0.201773416027772	1.00274239013399
GSM1875927	0	0.0234712742177693	0.0846761298782937	0.0756173177627946	0	0.022247689476367	0	0.0658260460422463	0.0566057400999752	0	0	0.0598489772744823	0	0.271555600179829	0.0459814875979984	0.111679388362927	0.0789085091722659	0.0115363036972818	0	0.0631319919876654	0	0.0289135442501044	0.03	0.218598042434076	1.00078466324124
GSM1875928	0	0.0268442585291607	0.188130538428724	0.0946999957181024	0	0.058062673362017	0.0603135172284249	0.0625920639821677	0.0397688238439203	0	0.0306494448775097	0	0	0.0792680650251486	0.0988329410510779	0.157085190963728	0.0332462473854088	0	0	0.0705062396046105	0	0	0	0.354556717816225	0.938542749958908
GSM1875929	0	0.0811678130402164	0.125653674719106	0.0285696303832498	0	0.0987528098088842	0.0420749888936258	0.0247272593691998	0.0218886847100033	0.0336143075168036	0.0830712915845024	0	0	0.0749382510761744	0.0833460119728628	0.160692552508108	0.0360360110230313	0	0	0.102238000955255	0.0032287124389775	0	0	0.345101780579242	0.940761976242793
GSM1875930	0.00375849624407551	0	0.141221037334054	0.153240922391549	0	0.0186936578310392	0.0376880437615595	0.0458146330822395	0.0289721820703767	0.00131186698771968	0.0398787776226667	0	0	0.137959745704833	0.0674030297690836	0.0843862034145455	0.0331017176999903	0.020262165468982	0	0.169063534089207	0	0.0172439865280795	0	0.363519465562812	0.933989386057983
GSM1875931	0	0.0286424821325399	0.166567500076447	0.157800718419822	0	0.0491242900050796	0	0.0820936540649626	0.102564358228449	0	0.0699676366357963	0	0	0.0652980031885009	0.040832851496575	0.0940315473536841	0.0326589331169618	0.000546599178374403	0	0.0998984451913969	0	0.00997298091141096	0	0.43524855636069	0.89970219871183
GSM1875932	0	0.0703447266814789	0.124665818221131	0.176222129639718	0	0.0238483056170827	0.0757913128988966	0.0148902902803408	0.0613926843672413	0	0	0	0	0.0526975139478808	0.0590957380340579	0.082747725612988	0.0615163961775566	0	0	0.154765573427846	0	0.0420217850937809	0	0.337059194055427	0.944625060307308
GSM1875933	0.0129898125946984	0	0.197816612032992	0.0798656498600062	0	0.110461913668488	0	0.0864163041647488	0	0	9.54330569093212e-05	0.0105530305011361	0	0.149388779173341	0.0623051951589096	0.095171405512802	0.0430965653520323	0.00643270915044576	0	0.125243813077389	0	0.0201627766961015	0	0.356876084042854	0.938813373904517
GSM1875934	0.0340313491626718	0	0.135716484480109	0.147966071191018	0	0	0	0.0575370653515219	0.0778595794533295	0	0.059512814023317	0	0	0.228769495761111	0.0372578505050591	0.0654846276902627	0.0136871127241011	0.00891180870910185	0	0.131159000230459	0	0.00210674071793833	0	0.397090020291273	0.91874331251131
GSM1875935	0.0223795948695902	0	0.258878590158387	0.137092230222222	0	0.105726185515739	0.0508040138803086	0.0154624906197532	0.046532979841425	0	0.0567915803136469	0	0.0367737171396671	0.0571586906980101	0.0259380583254695	0	0.0562130806140569	0.0197568602791338	0	0.110491927522591	0	0	0	0.397687171773545	0.922556756976882
GSM1875936	0	0	0.191566283725563	0.0819712787062566	0	0.144883383814281	0	0.0354221951429022	0.0335285784505211	0	0.0769425150414518	0	0	0.130684685171101	0.0224362563324791	0.0532901011327308	0.044060885692667	0.0150963257342192	0.00657143387482391	0.0900003148149854	0	0.0735457623660178	0	0.32923534686477	0.950363010756991
GSM1875937	0.0368169933659624	0	0.134833283790049	0.0808226407681859	0	0.0748386627505906	0.00911830255935029	0.0173506554962308	0.0289730731893655	0.000436669408445128	0.0416425797574292	0	0	0.132740452741145	0.0753410757445813	0.146167453464362	0.0194678786833432	0	0	0.14493815922246	0.0343459721297258	0.0221661469287734	0	0.375730726233097	0.927603235985957
GSM1875938	0.0548147005455987	0	0.206856430469511	0.0375952438404838	0.0455913669160718	0.148773574548717	0.0674830351313351	0	0.00132819287843868	0.0014907708440402	0.0443937300556768	0	0.00898097878416223	0.0873854068624607	0.0159983529241537	0.0638068389907657	0.0323513664961514	0.0372544894835697	0	0.108443734909626	0.00487513314010146	0.0325766531791355	0.01	0.318950682422286	0.956180135019948
GSM1875939	0.0491960849734162	0	0.102092533001164	0.0812199080808458	0	0.102761974808556	0	0.0420276408138023	0.045380479041422	0.000510598587157114	0.0667807257531923	0	0	0.069843818417204	0.0704588195006821	0.115151960878186	0.0316407216800731	0.0092404105898969	0	0.160859340256939	0.0358174166483389	0.0170175669691246	0	0.327686846663432	0.948519967848354
GSM1875940	0.0498637682361252	0	0.112978232396741	0.0882643762650011	0	0.116113160910618	0	0.0317495699630896	0.0368777374451249	0	0.0525126484953882	0	0	0.0821862783447191	0.0670880540197196	0.109469356511091	0.0283960680857407	0.0215535096149103	0	0.142106449393443	0.0443950203533078	0.0164457699649803	0.01	0.325904368541866	0.94896701010455
GSM1875941	0.0505631160779263	0	0.136514811883873	0.0497835475494958	0	0.131265504502128	0.0539508847803891	0.0584177440083213	0.0532217001514984	0.0112221569493022	0.0443661871113315	0	0	0.107841788687619	0.0469414706370502	0.0986720691258889	0.0493956015158874	0.0222455389533445	0	0.0855978780659438	0	0	0.02	0.252968052731073	0.980391981590095
GSM1875942	0.0924891584089978	0	0.130412965814365	0.074919068367269	0	0.128600867176108	0.0151615732405169	0.0466084029725172	0	0	0	0.00520630403681098	0	0	0.0998711236688616	0.12311591236785	0.169368420097328	0	0	0.0798730429585245	0.0119080617286051	0.0224650991622455	0	0.393747195528511	0.9187168512208
GSM1875943	0.0755543557039201	0	0.168993283661417	0.096076238745085	0	0.125434296006477	0.0988639938379416	0.0107842889803879	0.0267396290216311	0	0.0405079938007575	0	0	0	0.0502628037719649	0.144763317851974	0.0372910145267956	0	0	0.122566415104925	0.0021623689867238	0	0.02	0.276248871986355	0.974638209076198
GSM1875944	0.0398582203669013	0	0.0980592776086902	0.117313489726047	0	0.160608071255962	0	0.0611160776108114	0.015123275318575	0.0168738749993394	0.0130876634708203	0	0	0	0.100917266812579	0.0468913732461814	0.0772279916476347	0	0	0.235274298606452	0.0176491193300061	0	0	0.401357569802273	0.917554694946633
GSM1875945	0.0113861400507644	0	0.0609979450342915	0.209060033169581	0	0	0.0376262806423098	0.114168608458746	0.0213631656964204	0	0.0320842383649479	0.00263255868288925	0	0.079293490070289	0.234430823662011	0.0955529830901013	0.0233059692893502	0.0245556676615549	0	0.0404038884254037	0	0.0131382077013396	0	0.54627282904443	0.83772142293562
GSM1875946	0.033786974923842	0	0.103212339700209	0.0185187310596039	0.0410310569229219	0.131946743724017	0.109315445437586	0.0462063167362761	0	0	0.058864191607945	0	0	0.231894413782757	0.0712968051800544	0.0506142439888734	0.0448263117704685	0	0	0.0584864251654457	0	0	0.03	0.220681943816207	0.994623903882854
GSM1875947	0	0.0303836131034348	0.0408374226538577	0.125555125302318	0	0.0474396224976308	0.00158360471200589	0.0470642219982242	0.0479525591733194	0	0.0751511567418017	0	0	0.197950787806158	0.0703980969562843	0.114351564242668	0.02013590263322	0	0	0.150238785843784	0	0.0309575363352924	0.12	0.130774301264237	1.03806644275859
GSM1875948	0.0381013653293995	0	0.0967337103312039	0.0227873822965856	0	0.0402656226747243	0	0.0742537110786597	0.0171970599434957	0	0.0181568702517335	0.000804840095869352	0	0.35587066060387	0.0516460138500582	0.101513420875573	0.0214714694276469	0.0205882149044586	0	0.128893200234921	0	0.0117164581018005	0	0.409463168401956	0.915518014345027
GSM1875949	0.00246173782704472	0	0.095430088226979	0.0209275754339561	0	0.0472858465881097	0	0.0581980054620891	0	0	0.0583215206737014	0	0	0.0680816093795901	0.0786131292512002	0.0600502879785078	0.059125661619021	0.0104260672274518	0	0.0816011739456284	0	0.359477296386721	0	0.363179575583674	0.949014805233749
GSM1875950	0.013538372261369	0.00105183539414527	0.0558427223413475	0.0888670532832988	0	0.0636782980702142	0	0.050351985114344	0.0450438826706574	0	0.0556820774087471	0	0	0.157510163788117	0.0377904578620718	0.137580670526676	0.0315414713166584	0.0182260712728916	0	0.222434037945438	0	0.0208609007440232	0.04	0.190240740585503	1.01539257870401
GSM1875951	0	0.0487648690672617	0.0650991267802235	0.114984339343423	0	0.0555494371471186	0	0.0340035119152676	0.101051679665898	0	0.0889710207887626	0	0	0	0.0479837628234584	0.155855666671968	0.0533349145808978	0.0523224806072099	0	0.137397369717183	0.0124453681098812	0.0322364527814468	0.0600000000000001	0.165105251829321	1.01508101567537
GSM1875952	0	0.0661784815339258	0.0949438747784833	0.159498604839689	0	0.125519217307593	0.0216983221855695	0.0545038051952749	0.079420253045558	0	0.031634367215129	0.0226621447965812	0	0.0048785712055811	0.0600060167233409	0.0848748207568649	0.0613940854958702	0	0	0.132787434920539	0	0	0.17	0.106291918322466	1.05056516479717
GSM1875953	0	0.0133732645998314	0.0429866715727647	0.191764216714202	0	0	0.0192196947222469	0.0961364855575948	0.0984897586681068	0	0.106111993965169	0	0	0.0321430796082892	0.115458369850424	0.0270563224498682	0.0703383509139008	0.00714420673961884	0	0.179777584637982	0	0	0	0.332143930128214	0.953979607093294
GSM1875954	0	0.0393809594917462	0.0456282686717787	0.182463941060286	0	0	0	0.110561863496833	0.0798677993626078	0	0.0810659901232999	0	0	0.0595267911006844	0.0810209856432896	0.108477798608774	0.0517743725230526	0	0	0.146847008751721	0	0.0133842211659268	0.03	0.220195928838783	0.998586713487528
GSM1875955	0.0147968343771223	0	0.0492614099665859	0.0552918966260996	0	0.0780748840106767	0	0.0386670488583602	0	0.0351094690914488	0.0064764024121367	0	0.00353614772040822	0.158901515400832	0.0888947772190409	0.0466443367944777	0.0167858906792515	0	0	0.347060292631448	0	0.0604990942121116	0	0.544179749812322	0.838203235878695
GSM1875956	0	0.0718704204890619	0.0618062678160424	0.0475440914949305	0	0	0.0916876332383542	0.124518641586871	0	0.0332079299949485	0	0	0	0.0619953113586983	0.105465007847004	0.0724758057418673	0.130191733480879	0	0	0.16723771134617	0	0.0319994456051729	0.01	0.293105848277359	0.962697381015685
GSM1875957	0.00466887961229656	0	0.092517637062701	0.102236920966336	0	0.00576573334062848	0.0123554330377443	0.0875577933814438	0.0414590085464976	0.10086218879188	0.0206036669407582	0	0	0.210951111150289	0.0227102315673996	0.102565302239379	0.0323630231404033	0.0454330476242741	0	0.0838652785663754	0.020301605706561	0.0137831383250331	0	0.532830924651151	0.852289982456144
GSM1875958	0.0127623971139652	0	0.0835322566150812	0.0250017597414176	0	0.105870945121603	0	0.0691641025697828	0.00306499608585461	0	0.00712745816979087	0.00798700200498993	0	0.123986388692635	0.0467419677835901	0.0384688364938727	0.0537324433147548	0.000558767634798394	0	0.31521410838729	0	0.106786570270574	0.02	0.26795733419989	0.991947441387512
GSM1875959	0.034599351985434	0	0.0772553444749508	0.0579848625657288	0	0.02464569597413	0.0732147312753982	0.0846902348211418	0	0.0286054162941032	0.0663714883044205	0.0152220052403284	0	0.017490452354696	0.172812336185271	0.0519372794988557	0.0450665370075336	0	0	0.17707521119933	0	0.073029052818678	0	0.51585265595968	0.857170985278184
GSM1875960	0.0195716224898747	0	0.126360546831771	0.0534400122468911	0	0.0930705176151157	0.120758014150418	0.0586867287079548	0.000220345913548512	0	0.0480572854046217	0	0.018225433663604	0.092296291935415	0.0307852956075274	0.000421947702812318	0.0462964973058958	0.0410321476772172	0	0.250777312747332	0	0	0.07	0.160726840081462	1.03109909898335
GSM1875961	0	0	0.123196456109456	0.0822265736345552	0	0.241712640224472	0	0.0883628648246111	0	0	0.120468952238997	0	0	0.0495609606714278	0.0215880020267467	0.0403101040289538	0.0411650519817949	0.0278691625408338	0	0.137712800541936	0.0102757025107639	0.0155507286654527	0	0.342108516516234	0.945562502692092
GSM1875962	0	0.0409279590584724	0.075046105753424	0.136691509916567	0	0.0041998841893244	0.0869436638143241	0.0493268467471268	0.072546048623497	0.0232691658224624	0.0811674364641479	0	0	0.075689752670287	0.105942246193965	0.0832627712730802	0.0455534950950798	0	0	0.0870176870353944	0.0301902929491679	0.00222513439368017	0	0.354930872644204	0.936277352050269
GSM1875963	0	0	0.0747947041554003	0.126049425006274	0	0.0641375834725007	0.0667289679744199	0.0780327726795395	0	0.0602695936652303	0.0037240570701128	0	0	0.0126621424864039	0.0653354825632477	0.193688474213608	0.0790152000205257	0.0241592392471644	0	0.112489447322026	0	0.0389129101235464	0	0.534814082136913	0.855091543526846
GSM1875964	0	0	0.101451798346261	0.0440503275782416	0	0.0648707209410149	0.0022295618203171	0.0555644978346519	0.0288706052231926	0.0340381162304393	0.0131380639014673	0	0	0.227545360601768	0.0372697004669264	0.160707164286797	0.0737201273731962	0.00501220218457561	0	0.124781127179601	0.0125084512220574	0.0142421748094926	0	0.46068630130775	0.887185036121127
GSM1875965	0.00835109107304468	0	0.0844202080249015	0.129419891296188	0	0.0379382196151714	0.0506863402995765	0.0604851850977334	0.0213366050020494	0	0.0904972798438028	0	0	0.109127338103471	0.0747164205891546	0.0826302913850323	0	0.0372207968162191	0	0.203413355823717	0	0.00975697702993861	0.12	0.130668904738952	1.04189429629954
GSM1875966	0.016771829588362	0	0.132241366743073	0.0445721701815761	0	0.104738940299274	0	0.0626933077139317	0.0160690243954155	0	0.0644861101385815	0	0	0.152707491811488	0.0444710736245909	0.148817571494673	0.0692967081579395	0	0	0.121477819736825	0	0.0216565861142687	0.02	0.245704763633082	0.984347547600636
GSM1875967	0	0	0.24517837893153	0.0885570579613177	0.0405218242940511	0	0.137082968087942	0.0781976815445403	0.0431370818350541	0	0.0144940232275081	0	0.0149184260279758	0.0468384049845771	0.0536511555859028	0.0535364154893667	0.0679743648202879	0.0199136225599098	0	0.095998594650037	0	0	0.04	0.187265386711058	1.0212948809146
GSM1875968	0	0.0458451205769643	0.0494749972575621	0.0613369060572741	0	0.146341147980151	0.0540603401508667	0.0323357459321076	0.00779277640219472	0	0.0813319548604569	0	0	0.0367174104921359	0.0332597877632676	0.202056496362694	0.0672624262660615	0	0	0.143135801080837	0	0.039049088817427	0.02	0.267065781426584	0.97187110754263
GSM1875969	0	0	0.115815777263724	0.135351224888078	0	0.103511180320343	0.0471232762568134	0.0739445749224642	0.0272040500922821	0	0.078270433609158	0	0	0	0.0238439175358091	0.14553574890222	0.0521300095701384	0.00135780913008292	0	0.172484775719671	0	0.023427221789216	0.03	0.207219458362952	1.00334742840792
GSM1875970	0.0228871747044669	0	0.073018692658523	0.118173579354696	0	0.16984023397513	0	0.0573305654967971	0.0460565384276105	0	0.0246251305659878	0	0	0.0829537180834091	0.106373301395171	0.0567164138350665	0.119021831063355	0.00376270997029974	0	0.105628898103165	0	0.0136112123663229	0.02	0.259841704083326	0.978496126367122
GSM1875971	0	0.0742623743073797	0.0717740614423639	0.0878187109037224	0	0.0870163538272492	0	0.0727926475963977	0	0	0.0352644499562078	0	0	0.123315121816725	0.06668878486095	0.141038882728632	0.030874290880143	0.0247908666257626	0	0.1472052312451	0	0.0371582238093662	0.07	0.155495185786572	1.02091554820425
GSM1875972	0.0390303902920543	0	0.0831689029716203	0.134522328417738	0	0.142238250057826	0.0508815875878679	0.0102420345161401	0.00356457751295214	0	0.0414363557579102	0	0	0.107902309592458	0.0400600755162028	0.165800011448377	0.0987510152317235	0	0	0.0738436685567513	0	0.00855849254037778	0.02	0.260436936759314	0.974650156864078
GSM1875973	0	0	0.0320967865997264	0.0608434122193933	0	0.108712697831588	0	0.0368497455963188	0.0274012954037742	0	0.0534119159295233	0	0	0.140589930274767	0	0.0968144918476623	0	0.0414548211008619	0	0.398116999115193	0	0.00370790408119149	0.12	0.137077751722404	1.08114678400263
GSM1875974	0	0.0754067315259644	0.0862256541346591	0.174047655289733	0.0165606696516836	0	0.0420548314281803	0.0501336480359103	0.0893832481028654	0	0.0542666335717384	0	0	0.0195287340655277	0.0521556013886753	0.117978847762095	0.0638372750156028	0	0	0.141133522262791	0.0172869477645748	0	0.4	0.0514524929090707	1.06400795933535
GSM1875975	0.0492854084008778	0	0.118801779874162	0.177921541820375	0	0.213301921001925	0	0.0210767492420312	0.0264268420337616	0	0.0566470660949517	0	0.000165438940077448	0	0.0150448308186961	0.0789619211554409	0.0541203110584116	0.0261174734330121	0	0.149200238049645	0	0.0129284780766331	0.07	0.160980721095671	1.02992725778219
GSM1875976	0	0.0319191070382085	0.0612337792225897	0.123889655638203	0	0	0.00771344752490885	0.135137316992265	0.0627255009939042	0.0142248510268403	0	0.0265050262831471	0	0.0545490834524238	0.118965010171173	0.164201658377698	0.0549670989117475	0	0	0.125412069391552	0	0.0185563949753384	0	0.357132143117112	0.936080285221887
GSM1875977	0.00812875757268037	0	0.0803803471058986	0.0203780020645858	0.0259972518682557	0.184498229807313	0	0.0429276531885886	0.0297585697023377	0	0.146365829689655	0	0	0.0827958256142935	0.0110248548941462	0.103953005571332	0.0435826016452648	0.0637459214877642	0	0.156463149787885	0	0	0.11	0.143001738017024	1.0292851622528
GSM1875978	0	0	0.0389173912195523	0.206081385221605	0	0	0	0.106034459575439	0.034660582500509	0	0.0510680324535184	0	0	0.0877905308161862	0.125764088999979	0.14747486395705	0.0954095768962129	0.00875480069542375	0	0.0832993853145903	0	0.0147449023499336	0	0.378444154951314	0.926460917776138
GSM1875979	0	0.0338065767454599	0.0685965055906216	0.0491687639273253	0	0.091922754684177	0.0147472792617879	0.124847379630103	0	0	0.0365785793904629	0	0	0.185394237074675	0.0690988114495248	0.149610663964045	0.0294024023452243	0.0154321386098792	0	0.105275596222693	0	0.0261183111040209	0	0.332122246043999	0.946499704780882
GSM1875980	0	0.00308397745333596	0.030443090858757	0.0675770630875717	0	0.113854091061817	0	0.0215132554627538	0.0155787680210086	0.000922135259491547	0.0473494618982892	0	0	0.217643682815866	0.0312299651336807	0.127685146677829	0.0944409707177165	0	0	0.164772463878692	0	0.0639059276731913	0	0.441060929780074	0.89679463532612
GSM1875981	0.0601109088418553	0	0.149160179004841	0.0681843311566729	0	0.116168175463419	0.0173977828624958	0.0583535536511944	0.0494546016706495	0	0.0716112292808753	0	0	0.0529177583980713	0.0540486467119118	0.0954324547918899	0.0432563857418437	0	0	0.156751731600315	0	0.00715226082396467	0.03	0.199614553781037	1.00850258434165
GSM1875982	0.0307119451030858	0	0.0830274701712803	0	0	0.156444525518722	0.0461958367443721	0.046264001618547	0.0278058019707827	0.0442530089896986	0.0185326295650199	0	0	0.0692441002303087	0.0956442774091746	0.0915917727727222	0.0639781775364525	0.0380910636002881	0	0.125235967860019	0	0.0629794209095263	0.01	0.30746753457407	0.955758279452463
GSM1875983	0	0.0935185550189417	0.119768174710055	0.216513531866476	0	0.0596678522400457	0	0.0327131966904415	0.0356429938718367	0	0.0368055464771703	0	0	0.0473785421110469	0.0498404069972445	0.078460113497369	0.0682682551458931	0	0	0.15476348836012	0	0.00665934301335869	0.12	0.137073476904007	1.03626177245685
GSM1875984	0.0306486001463786	0	0.0637427631355505	0.0346195039729633	0	0.0949567130024997	0	0.0515919955590853	0.0279674104781205	0.00246562516108355	0.0453817278658805	0	0	0.277211004165074	0.0738237492519051	0.140129714794539	0.0221561747796722	0.0159071290009372	0	0.0923785976339812	0	0.02701929105233	0	0.460525226770588	0.886932295343538
GSM1875985	0.024345807995032	0	0.14949232416987	0.0416894148378018	0.0251042529100706	0.161210116407427	0.0825571056589827	0.017337989321721	0	0	0.10918659689129	0	0	0.0765011746235822	0.0867927132758865	0.08677228952758	0.0282136971613334	0	0	0.110796517219422	0	0	0.02	0.290004355506256	0.967043482650721
GSM1875986	0.0115332552251945	0	0.0569364599855692	0.140004741670908	0	0.00739061480907785	0	0.0930313936762866	0.0654225940018256	0	0.0513451835853481	0	0	0.0380382869843783	0.0713886974579285	0.138145826781288	0.125766520030138	0.0710266204339395	0	0.087211110743958	0	0.0427586946141595	0.03	0.227158799771653	0.988353436925526
GSM1875987	0	0	0.0832812500061553	0.0662772649288623	0	0.265372111256651	0	0.0123158547765802	0.00790229672736761	0	0.0678334778687936	0	0	0.0634098941893078	0.0137144269214349	0.0891410459549249	0.0289550371557556	0.0564090650072534	0	0.219995851874728	0	0.0253924233321862	0.15	0.117305282893599	1.04584012314491
GSM1875988	0	0.0283323641613269	0.065853928397795	0.0982686459845941	0	0.0468192791569617	0.0597512808183131	0.00828547290962697	0.0368811667612242	0	0.0928148714508256	0	0	0.178228671251902	0.0295187334280576	0.183899121722051	0.0766729180805187	0.0166297457667369	0	0.0568624943820765	0	0.0211813057279898	0.03	0.232634408048742	0.98770184432539
GSM1875989	0.0410445003169396	0	0.129020043342824	0.0415831579906303	0	0.183961413927234	0	0.0144110360120874	0.0388075309068599	0	0.0583461273678796	0	0.0100568715211921	0.198270310963785	0.0224211505172526	0.0671309756585023	0.0227681322974042	0.0301966565168862	0	0.132390884734522	0	0.00959120792600128	0.05	0.178398959807258	1.01612907600495
GSM1875990	0.0265534389993582	0	0.0527944490197639	0.0308870648763588	0	0.0925696391507121	0	0.0270560538885279	0.0321809905479383	0	0.0880894988561206	0	0	0.295008723526908	0.0340814607481	0.119065419028053	0.0253757513840464	0.0334206577907679	0	0.128749489211347	0	0.0141673629719975	0	0.379400942209484	0.928003112301912
GSM1875991	0.00406861948945061	0	0.023108211256381	0.0844737604260016	0	0.0412944024739342	0.0599179628998731	0.0393614879568433	0	0.111691283100521	0	0	0	0.184122039842857	0.112048493158592	0.0354097556852237	0.00883009312776543	0.0282505156500306	0	0.20842098677746	0	0.0590023881550664	0.01	0.316499764848044	0.962298856563928
GSM1875992	0.00424705443943386	0.00191812526682927	0.0291738734068169	0.0339221932046328	0	0	0.00260015531297206	0.0401302787134068	0.0675194968790006	0.000839301335321277	0.0372564107755574	0	0	0.452526877286333	0.095513984738363	0.145752386868729	0.00985155790526358	0	0	0.0666463102558447	0	0.0121019936114958	0	0.548038683325882	0.83593245362551
GSM1875993	0.0244588768521914	0	0.0660863456870211	0.0103510492246343	0	0.100916726698927	0	0.0364386572801256	0.0463340205212807	0	0	0.0166103070839096	0	0.232811173224585	0.0625993569651675	0.144761512899201	0.0657401580965106	0	0	0.180452552427738	0	0.0124392630387082	0	0.515594093028883	0.8578093046892
GSM1875994	0	0.0451985633636312	0.0777757809105513	0.0842075982324025	0	0.141906065862579	0.0351019062842285	0.0458725849194973	0	0	0	0.0558475815681325	0.000522103625301679	0.215611926750847	0.043963607794987	0.0937352404589091	0.0354635200439113	0.0353600090703069	0	0.0387807015905606	0	0.0506528095241543	0.05	0.177823199716496	1.01310412118141
GSM1875995	0	0.0861394045823197	0.0695304421478248	0.102821760632998	0	0.0490520974384409	0	0.0822371445643423	0.0897441177480856	0	0.0852007362374417	0	0	0.0713798417054317	0.0403263871298871	0.09026792087009	0.0371154320799784	0.0282835669159651	0	0.13535196154406	0	0.0325491864031341	0.0600000000000001	0.164225691321066	1.01769217048443
GSM1875996	0.0109671938543091	0	0.0995961663306626	0.0522832999404728	0	0.13235221164765	0.0117546650340378	0.0653489986430685	0.0469931359609281	0	0.0562623965637654	0.00033036376992789	0	0.0495760208965843	0.127881947323031	0.102851762641028	0.0507484200821135	0.025859640726102	0	0.15323674973184	0	0.0139570268544786	0	0.406732875882398	0.913226762556952
GSM1875997	0.00580813680735751	0.00487566711103504	0.0512961423433161	0.0867125698646586	0	0.0197186567083354	0.055193783453935	0.055165181316837	0.039278715075867	0	0.0513157147708505	0	0	0.176690756780906	0.187269687162904	0.123887293448715	0.0321973159472945	0.0100685989965392	0	0.0805387328253431	0	0.0199830473861061	0	0.475208415490086	0.879063080118379
GSM1875998	0.121345749977468	0.00908645120082532	0.12204958132199	0.139889298707849	0	0.146033559430543	0.00950416524531731	0.0889449890670345	0.00857997780106265	0	0.0777392508339442	0	0	0.0396289606957592	0.0454163845191374	0.0490738281563975	0.0336902047939438	0.0180112870889055	0	0.0910063111598226	0	0	0	0.360472285097389	0.938002579265539
GSM1875999	0.017248785786143	0	0.0239309713048218	0	0	0.0360934665540193	0.021950885829982	0.0176584935605501	0.00763578971257889	0	0.0450190016728734	0	0	0.358802872826247	0.0341125051747525	0.0215926537047587	0	0.00197946120936339	0	0.331710746940542	0	0.0822643657233677	0	0.514033518301438	0.86183923619953
GSM1876000	0.0504735155777743	0	0.123846734841405	0.0269379172435009	0	0.197534253033248	0.00897139430180495	0.0359822105386544	0.0437034210271183	0.0124695865568271	0.0610342326598091	0	0.00968219430018031	0.0761696112894829	0.0442791696240887	0.0827982524396039	0.051584499817555	0	0	0.14916067038244	0.0253723363665072	0	0.02	0.284008690189147	0.967910980064514
GSM1876001	0.0716125244446816	0	0.0923903811835191	0.0995365850932237	0	0.17300454987268	0	0.027044935806944	0.0313879778131066	0.0131129250293517	0.0723419384115655	0	0	0.129451230296445	0.0437408910342361	0.128601701699031	0.00651218521412901	0.0125360687403948	0	0.0530520030444268	0.038120560472296	0.00755354184396851	0.01	0.293522587768728	0.963429290002054
GSM1876002	0.027602411006821	0	0.0962349277587806	0.0741845203160797	0	0.0840430677233505	0	0.0680161937572297	0.00317412649338467	0	0.0538403090600696	0	0	0.17765866653719	0.0173042214341297	0.111244990311516	0.0764670169833647	0.0491285802683635	0.049087623968575	0.0390968435031391	0.022914429235793	0.0500020716422132	0	0.341312523915326	0.940746680575604
GSM1876003	0	0	0.0962931900808764	0	0.014684113451558	0.167985853131217	0.0321730217691077	0.0171800320319185	0	0	0.0132086798267127	0.0127934308553807	0	0.129131742323774	0.0661388209717883	0.104597419840318	0.0834213095511177	0.0476532654994878	0	0.145974250925486	0.00953371005176502	0.0592311596894923	0.02	0.247710714735472	0.982465377755551
GSM1876004	0	0.0354144875303339	0.108918078420122	0.00307071494861027	0.0501093793034929	0	0.0710546580670807	0.0850354792167096	0.0254275831416138	0.0380047092245036	0.0467558748708302	0	0	0.108579361673493	0.132281478401969	0.104752919555645	0.0500413396935733	0	0	0.107246932831118	0	0.0333070031209037	0	0.359471848647246	0.934482507363034
GSM1876005	0	0.0629966818826026	0.0502527922872395	0	0	0.200687181489596	0.0052358089958942	0.0917575201525046	0	0.0141046389248621	0.0855431557471842	0	0	0.189961842727838	0.0760345057516216	0.0697469417964991	0.0146735605136938	0.0165996798974947	0	0.12240568983297	0	0	0.02	0.27709468963051	0.972135784864863
GSM1876006	0	0.0140632419919734	0.0512447707312582	0.0230385506210865	0	0	0.00310412254323292	0.0760756970082988	0.0306018533976635	0.105792087696075	0	0	0	0.321479926473594	0.0991368483936465	0.173592341527467	0.00900010227396756	0	0	0.0814871137524224	0	0.0113833435893141	0	0.649042716157884	0.777283674636625
GSM1876007	0	0.0105785268185907	0.0560467600045598	0.0504207054651027	0	0.0664700299892675	0.0361366123466028	0.176344755394246	0	0	0.0815679395046549	0	0	0.152400414239815	0.137118423146277	0.0875341326459017	0.034679672560319	0.0343767268199998	0	0.0763253010646629	0	0	0.03	0.230214920914828	0.995208368008945
GSM1876008	0.0525610315394357	0	0.0962588661464068	0.0648006810732013	0	0.134938833304512	0	0.0634086858739623	0.0380983547077121	0.00788368387829382	0.0625269848503478	0	0	0.0918678632370584	0.034121627266156	0.105619045087911	0.0343204721081647	0.0312421032885006	0	0.172113385129684	0	0.0102383825086543	0.01	0.31927410750737	0.952752484953148
GSM1876009	0	0.030399225025598	0.0841560410287247	0.148951795789024	0	0.0172710891981686	0	0.109316096649364	0.0248187290596291	0	0.0365735789190627	0	0	0.0148015552495145	0.0560186087349156	0.110706210200439	0.18282142096246	0	0	0.1841656491831	0	0	0.02	0.269915701281398	0.973544702144832
GSM1876010	0	0.0100323166575637	0.0991124488874272	0.148465205335287	0	0.0399131409483599	0.046568579747891	0.109900894313239	0.0108835628562823	0.0267556863044874	0.00710877243559618	0	0	0.14808133310572	0.134874273879754	0.103772786705837	0.0573005360744335	0	0	0.0545724553280098	0	0.00265800742011184	0	0.482639460690173	0.876186406120298
GSM1876011	0	0.0226001638320269	0.0504901940905147	0.0663187615742724	0	0.0616644369385436	0.00668775593593026	0.020944924807311	0.0028045898314311	0	0.11734071553386	0	0.026494874071964	0	0	0.0951080073819024	0	0.075463756650812	0	0.110329768269895	0	0.343752051081536	0.05	0.172985466348954	1.04768568502763
GSM1876012	0	0.0062796499132046	0.0177304455333204	0.0738938387977888	0	0.122444828252686	0	0.0273700825597551	0.0465434827694274	0	0.0240395345294515	0	0	0.275970988850425	0.0555017273830609	0.124956921264311	0.0207159381800353	0	0	0.173532725780311	0.00127249550481936	0.0297473406814029	0.02	0.256996570285364	0.990516969546482
GSM1876013	0.0215161052684409	0	0.0955207401182045	0.0546133965825801	0	0.161738551610236	0.0104959178303535	0.0336280115312866	0.00427811155071008	0	0.0819479956888948	0	0	0.172704318694713	0.034847008480584	0.0528026003128147	0.0379169601671284	0.0196514215278922	0	0.19292508984266	0	0.0254137707935015	0.04	0.187839916330197	1.01373966670536
GSM1876014	0	0.0640107641620724	0.106113782301923	0.145241431198176	0.0185803322858629	0.057511565144711	0.126064986472005	0.0176471796895926	0	0	0.0244674690983187	0	0.00668246044114677	0.0600110806089446	0.0689499279081506	0.0359641639039394	0.135833776118198	0	0	0.13292108066696	0	0	0.05	0.17541261839357	1.01068932998382
GSM1876015	0	0.0280667630499867	0.0654840398808627	0.13026547064715	0	0.0508941100085119	0	0.0895892810639825	0.0858453507447265	0	0.0958958183523323	0	0	0.16770806650261	0.0390460525550444	0.14152675231927	0.0235643953750761	0.0016138077949369	0	0.0805000917055093	0	0	0.09	0.150170088856622	1.02712258738037
GSM1876016	0.0194056121099504	0	0.0591099693125853	0.0763029959161462	0	0	0.116343696476767	0.122661866685334	0	0.00824016352512212	0.0304576386851627	0.100197437924664	0	0.101838488438089	0.103471107939307	0.10394168687514	0.077951650158066	0	0	0.0667973967249712	0.0132802892286942	0	0	0.375627575200745	0.927861943103027
GSM1876017	0	0.0527964408472053	0.071750305199181	0.130451004384359	0	0.0835275086968279	0.0551817182049488	0.0607012542542482	0.0664764035421823	0	0.0907262725030018	0	0	0.0604009302631808	0.02551508111107	0.0872549887133889	0.0717458118791265	0.00779794609556492	0	0.114138915171292	0	0.0215354191344228	0.23	0.0867522804620082	1.04810077041275
GSM1876018	0.000721091186488307	0	0.0373794747238207	0.0143582940395505	0	0.0276415957041745	0.0936310662211209	0.0420877614587092	0	0.161234430224979	0	0	0	0.0277923492506576	0.218460200750562	0.149954404408072	0.0562517673608094	0.0381366765330759	0	0.0636086939660674	0.0604130122396878	0.00832918193222421	0	0.50414976164341	0.863044462998364
GSM1876019	0	0.0401609482570111	0.0928620018591762	0	0	0.200925464337778	0.000612291114346053	0.105734321099556	0	0.0574333507866597	0.0240971934579013	0	0	0.0231183258461259	0.0904505347772946	0.116113564568227	0.051579456267571	0.0340828802487779	0	0.110221894406436	0.0404262058480156	0.0121815671251238	0	0.345248334754871	0.939918491536996
GSM1876020	0.0515310079714525	0	0.031040749014543	0.0725487192419726	0	0.00294514672040304	0.0917364987238398	0.0604084781922368	0	0.129478705321999	0	0	0	0.100451782084562	0.142899904970537	0.072561313434241	0.0161564274020972	0.0149884046353131	0	0.123876433410434	0.0770513672395696	0.0123250616368	0	0.453828851326926	0.890375236667188
